3.133,-83.429,-45.707,24.845,34.78
9.7994,-83.429,-35.026,71.809,65.464
13.516,-3.2864,11.976,78.559,73.478
9.6817,48.645,52.441,61.89,65.716
12.71,51.549,51.391,69.95,61.68
12.907,38.654,39.872,48.574,47.842
11.86,0,21.576,33.888,40.87
13.179,0,28.155,36.373,42.275
12.052,37.056,53.658,31.796,37.07
10.799,56.412,58.715,27.928,31.346
8.4839,78.727,72.079,37.327,43.737
5.8087,64.353,64.02,63.495,60.981
10.563,32.16,47.31,77.528,71.847
2.8389,33.729,37.153,80.755,71.609
1.2706,33.729,38.3,80.755,78.406
1.9343,-46.771,-31.86,6.0403,22.659
1.5578,-43.387,-19.848,6.1069,25.196
1.9624,1.2367,1.1681,45.783,42.272
2.5079,-43.662,-11.833,8.6957,36.145
2.5886,-43.662,-30.192,69.652,62.054
1.5038,-43.662,-33.773,57.143,59.263
1.0227,142.66,118.63,89.474,83.885
2.2674,107.92,98.728,86.31,79.553
2.9844,112.5,93.934,54.95,60.074
2.7898,93.382,87.877,72.34,66.227
2.9065,171.37,127.9,72.277,70.422
3.112,116.29,96.199,67.647,66.179
3.3776,63.371,58.747,88.362,71.577
3.518,89.766,80.892,90.98,81.487
3.1459,82.676,72.154,67.782,62.168
3.0561,73.18,68.938,16.279,35.349
2.7463,88.747,84.612,63.132,61.28
2.3101,112.42,95.708,75.882,73.091
2.4581,60.943,68.998,70.349,74.721
2.4781,76.327,76.947,96.667,89.751
1.9728,89.696,93.277,94.815,90.122
2.1869,178.68,135.53,57.516,68.142
2.1838,117.53,101.97,92.157,82.031
0.94004,106.67,97.308,44.118,59.802
1.3658,126.29,120.14,48.78,56.916
1.2841,132.9,125.3,95.69,86.263
0.83614,65.605,71.377,64.615,66.94
1.9558,113.6,96.924,95.714,82.851
2.0865,113.18,100.97,72.535,73.044
2.6307,119.91,109.7,93.75,87.076
2.8027,94.459,87.801,49.275,61.217
2.6714,61.148,65.892,50,55.789
2.8752,97.297,94.035,78.714,76.845
3.027,140.33,119.43,93.069,84.657
3.4193,118.75,101.03,75.309,64.473
3.105,123.56,101.04,10.04,30.224
3.456,72.798,65.46,37.705,38.528
3.7267,75.183,67.003,54.231,53.173
3.5377,118.68,103.32,84.733,77.538
3.6059,147.58,120.42,51.321,63.923
3.335,88.565,86.927,60.788,61.987
3.8984,77.855,66.465,47.697,47.142
3.8561,35.411,46.708,25.51,37.845
3.8515,118.46,89.991,66.78,60.438
3.6612,140.63,111.04,64.684,57.887
3.4603,111.23,101.31,78.277,67.575
3.3122,134.71,112.02,60.392,65.836
2.947,154.45,117.53,89.381,73.604
2.7176,92.848,87.534,60.204,59.785
0.99383,145.15,116.06,74.39,71.155
1.5968,0.52394,9.3687,7.563,8.8833
2.0262,9.3368,9.2589,13.816,16.306
2.5069,-38.869,-3.7975,12.291,25.263
2.275,35.879,35.771,33.52,39.531
2.0939,19.272,22.959,38.686,37.866
2.3883,19.842,19.752,33.596,33.595
1.202,-38.532,-17.348,3.1915,12.986
0.7229,279.23,205.5,94.118,81.623
2.0045,197.16,162.73,51.773,59.478
1.6099,250.15,184.2,90.083,81.029
2.3812,205.76,167.57,80.233,79.187
2.0769,189.46,160.85,63.999,66.84
2.3892,222.8,164.82,25.128,42.107
2.7053,98.593,87.165,18.75,30.223
2.3763,105.41,88.416,22.989,33.587
2.6724,118.6,94.823,37.569,38.74
2.6329,194.62,134.15,24.51,33.715
2.4634,122.35,115.25,68.478,61.638
2.7056,283.39,199.42,71.255,66.47
2.4944,272.56,197.35,55.556,57.291
2.4702,139.29,122.82,33.523,48.296
2.1465,161.89,131.03,89.333,76.248
2.0626,231.23,173.21,89.362,81.847
1.8281,254.28,188.07,88.889,83.222
0.74231,83.567,101.65,40.351,59.019
2.8587,47.141,46.298,28.743,38.034
1.8608,42.805,42.688,51.445,49.927
1.466,-38.123,8.5176,5.2239,29.944
1.8787,58.44,61.496,30.464,43.723
1.9361,90.385,91.914,64.982,64.98
2.0191,107.41,107.13,43.478,59.062
2.1967,106.41,105.58,65.844,65.843
1.3682,99.98,99.855,49.66,55.15
2.825,99.98,91.851,38.854,41.551
2.2223,43.398,46.58,29.05,30.383
2.2211,-7.6892,12.933,7.8947,22.364
1.8723,29.099,30.318,26.724,35.518
1.6297,39.673,39.559,65.116,57.796
2.1513,-38.54,13.237,8.75,35.972
1.2861,68.35,69.919,22.652,27.17
2.8746,68.35,68.323,67.105,52.577
4.5303,54.728,65.551,31.858,45.251
4.6695,126.4,104.79,71.077,67.64
3.8653,99.77,85.537,57.083,54.017
4.2053,133.95,107.26,45.659,46.76
4.4628,151.82,120.91,81.882,72.856
4.3543,131.58,117.37,95.406,86.087
4.4035,175.94,133.26,59.655,65.592
4.2598,81.326,85.711,76.078,74.798
4.0593,99.703,82.901,95.985,75.217
3.3529,119.09,93.109,41.176,45.978
2.5661,156.34,126.14,55.051,56.219
1.4856,156.34,137.07,71.774,67.525
1.1785,111.14,105.18,60.674,71.687
1.4861,115.89,102.36,92.126,82.917
2.436,65.888,71.584,70.391,69.238
2.2735,38.332,50.857,42.138,47.316
1.9021,58.179,61.645,21.29,37.165
1.684,75.942,76.593,76.923,70.462
2.1332,71.312,67.393,46.448,52.344
1.7305,63.488,52.518,23.684,34.926
4.37,-57.439,-40.032,7.716,9.3317
2.5169,-24.695,-7.298,10.345,19.014
1.8604,102.47,81.219,87.283,75.181
2.31,82.642,70.647,94.479,82.277
3.5829,-73.952,-31.186,8.4507,26.799
2.898,-39.924,-12.726,8.0972,19.368
4.6335,46.463,34.087,17.831,22.584
1.5956,57.302,57.1,51.034,46.514
1.6548,85.852,82.571,67.785,67.16
1.5341,60.7,60.563,60.633,60.631
1.9526,84.394,84.6,73.913,74.403
1.248,78.869,76.938,73.228,74.211
1.5576,62.05,69.848,86.842,82.041
1.0751,85.251,85.181,92.04,91.413
0.69424,95.565,95.507,52.312,52.31
0.85596,96.282,96.104,11.29,36.619
1.6894,95.565,95.361,93.333,78.985
2.7305,97.717,95.463,90.863,81.349
1.3935,92.429,90.047,75.41,81.606
3.0847,85.829,85.663,88.296,88.294
1.3949,68.5,73.306,91.129,87.405
3.2672,85.251,82.938,92.04,90.436
1.6543,58.565,63.67,74.561,72.242
1.078,79.923,75.955,80.682,77.513
0.35534,69.244,69.097,33.333,48.095
0.34361,-60.911,-51.132,3.7037,14.961
1.0492,-60.911,-32.235,34.211,33.809
1.4195,-2.1876,2.2637,40.741,43.967
1.3753,43.025,46.386,64.704,60.468
1.5168,115.26,92.152,92.623,81.744
1.5984,119.94,101.97,91.241,82.239
1.7371,70.935,83.428,65.041,74.086
1.5944,94.224,83.477,75.714,69.799
2.0868,80.889,76.878,91.057,78.477
1.7626,46.017,51.775,47.692,51.322
1.2709,73.835,65.509,50,54.513
1.7382,42.079,52.499,30.709,47.531
1.5925,29.135,40.979,47.368,50.295
1.4372,93.872,90.932,94.068,86.662
1.5173,74.197,69.611,90.351,80.706
0.69579,93.872,95.034,94.068,89.736
0.63207,87.314,87.146,92.829,92.826
0,0,34.322,0,12.028
0,0,29.082,0,20.348
0.72436,73.032,70.165,66.327,64.402
0.9528,74.055,70.955,70.27,65.249
1.8071,87.665,84.067,84.615,78.59
2.9796,57.376,69.507,44.094,58.64
2.0603,104.58,101.5,91.724,83.151
2.833,94.887,87.654,82.096,78.994
2.3883,89.686,100.1,83.815,82.899
3.1129,75.963,82.55,66.81,74.312
2.3592,103.52,101.84,94.41,86.045
2.4198,126.33,104.6,93.427,83.209
2.2098,24.727,57.868,28.042,45.351
2.4942,84.557,70.658,81.373,68.072
2.2578,5.5452,24.332,19.429,30.713
2.8403,13.148,27.552,26.613,37.978
1.541,32.107,43.002,39.456,40.828
1.2719,56.864,46.637,68.571,54.055
0.47908,44.486,43.503,23.529,30.974
0,0,22.555,0,14.16
0,0,23.118,0,28.042
0.69428,105.54,82.447,87.5,76.865
1.5817,108.88,106.31,93.443,91.629
1.7089,34.809,49.653,38.636,50.339
2.5565,97.926,92.371,88.517,82.661
1.522,113.9,109.63,91.724,91.406
1.9698,42.19,42.934,49.306,45.673
2.5387,43.661,51.028,44.811,52.18
2.1096,105.42,96.048,93.038,86.571
2.0451,31.361,37.309,40.625,39.525
2.8758,12.274,27.241,20.093,34.118
2.3173,74.25,65.434,82.456,70.568
2.0318,39.18,36.26,47.02,40.954
2.818,44.191,40.402,46.696,43.228
2.2506,48.913,48.789,53.022,53.02
1.9315,26.703,26.928,13.793,25.641
2.438,27.166,40.439,34,41.491
2.4213,64.938,63.554,62.842,61.543
2.011,54.207,48.248,50.658,45.762
2.5038,106.44,82.543,85.915,69.601
2.1908,83.059,82.097,79.012,75.901
2.1494,44.576,48.762,19.255,35.301
2.9291,32.42,52.171,41.346,52.744
1.6029,120.44,98.426,94.853,84.495
1.8325,44.52,51.787,43.75,49.687
2.5079,74.791,72.091,67.677,68.003
1.5037,71.173,74.042,81.356,77.607
1.6823,107.99,90.241,91.781,82.649
2.8978,87.257,87.415,84.084,84.558
0.91623,95.073,71.916,95.522,84.377
0.98081,91.165,69.194,89.803,79.953
9.7998,-83.429,-47.338,11.018,36.471
0.93378,-9.0668,8.2618,4.4776,27.631
1.7531,99.106,87.533,82.857,77.627
0.87402,108.87,105.2,92.647,91.166
2.37,96.365,59.479,90.964,77.471
3.6438,86.208,87.599,91.064,88.224
2.555,113.44,103.96,92.195,88.814
2.8302,54.291,46.592,81.857,80.954
2.9752,67.007,72.53,66.135,71.268
3.7289,98.767,88.531,85.145,77.67
3.2115,56.792,50.582,80,78.947
2.4632,115.02,87.407,77.523,71.823
5.0114,35.319,55.037,37.318,49.83
2.5598,-9.1517,11.077,87.037,80.873
3.0285,27.667,26.543,90.187,77.309
3.723,58.969,47.189,45.6,48.721
3.1632,13.292,16.352,59.216,58.363
3.309,-83.293,-24.456,11.489,29.671
3.4639,60.231,39.671,48.955,38.536
3.611,117.95,76.467,59.77,50.771
3.8755,46.396,47.631,19.763,26.184
2.2015,14.385,11.716,14.783,17.379
3.5134,152.74,112.95,71.93,56.181
3.5795,68.105,69.712,15.859,28.19
2.2816,16.367,29.669,18.298,26.562
3.6646,92.667,88.525,47.561,46.434
3.1531,45.827,59.821,32.775,42.995
2.2624,79.196,75.329,77.465,68.354
3.7666,112.02,94.803,24.818,32.363
2.7068,84.645,81.218,92.424,72.926
2.4473,105.79,92.662,90.625,82.468
3.6137,136.14,110.37,46.484,40.129
3.9565,26.647,55.091,8.3601,30.219
2.21,77.804,55.358,69.565,58.144
2.9817,110.95,96.882,54.651,55.218
3.2083,74.121,73.968,36.864,41.263
2.531,53.215,44.466,47.5,40.647
3.6149,85.763,66.447,74.157,67.398
2.3957,82.278,61.122,64.904,54.142
2.7554,23.857,27.87,32.389,32.231
3.1363,25.156,27.232,87.681,75.842
2.9703,-64.812,-11.443,8.5973,29.427
2.2775,56.242,42.59,21.466,28.228
2.4459,38.461,37.841,64.706,65.459
2.8198,54.516,46.018,51.394,55.218
2.672,73.27,62.524,61.472,55.564
1.383,37.086,36.976,59.155,59.153
4.1166,35.711,43.548,53.604,58.502
2.8234,102.03,84.951,85.862,75.201
1.2098,35.711,39.283,61.957,61.427
1.2054,57.819,57.685,67.141,67.139
1.5853,59.205,91.555,38.532,46.037
1.4652,25.539,36.941,24.37,36.055
1.7418,58.192,65.178,55.285,59.845
0.82888,121.13,112.75,90.909,85.901
3.2448,60.128,66.824,58.929,55.081
2.7058,24.884,36.407,40.373,46.129
2.8776,63.424,61.284,68.966,64.571
2.5192,93.961,91.35,82.514,78.441
3.0431,82.988,108.8,77.885,75.9
3.626,66.762,66.617,66.798,67.591
3.1753,83.176,78.685,82.949,78.166
2.4233,72.377,77.624,73.099,71.177
3.4903,82.002,92.128,91.739,84.082
2.6203,49.519,60.673,41.243,55.044
2.9904,87.971,75.766,86.603,73.282
2.8746,53.901,72.14,52.778,60.646
3.2358,139.83,134.76,86.636,78.27
2.7439,91.357,83.948,90.476,78.282
2.905,55,59.843,36.232,49.748
3.2974,50.758,65.536,53.15,58.716
3.1276,66.344,79.926,70.833,60.399
3.1503,43.501,57.925,50.22,59.234
3.0078,76.616,68.265,84.946,72.972
3.0277,68.585,79.114,64.017,67.607
2.7744,44.213,57.674,48.98,53.555
2.6939,41.516,49.055,49.223,55.253
3.1824,66.776,67.928,77.447,74.411
3.3502,79.335,79.046,78.926,77.79
3.1974,99.052,91.397,90,67.726
3.5454,78.702,76.498,71.008,69.598
2.8631,99.946,89.747,95.238,87.245
3.1267,59.212,69.374,64.975,74.36
3.0171,49.381,73.537,43.902,46.196
3.3286,78.756,76.833,30.455,44.168
3.1629,87.889,83.747,83.186,76.367
3.2325,87.361,83.763,84.018,81.752
2.9065,83.08,88.94,79.082,66.301
3.0623,62.487,62.904,33.921,39.279
3.4619,70.282,70.133,52.72,52.719
3.1682,56.601,67.712,70.244,68.417
2.4416,92.993,106.07,58.974,64.541
2.9305,61.066,63.528,65.803,59.611
3.6022,40.151,49.529,6.5868,25.364
3.1933,95.805,82.497,91.928,68.275
2.3291,74.253,86.529,77.07,66.253
2.6402,49.869,50.793,52.514,44.512
3.0779,31.758,42.648,38.182,34.618
3.1524,61.831,68.019,11.489,33.993
3.1547,33.262,78.518,7.0175,28.82
2.7212,73.414,66.675,8.4112,28.978
3.2514,65.606,71.023,69.159,65.586
2.6879,99.669,90.805,95.628,82.331
3.4694,81.881,95.421,82.54,69.026
2.7324,85.776,85.722,89,80.974
2.6755,102.63,97.289,92.553,90.976
2.5919,93.239,89.178,91.716,89.82
3.5451,81.653,100.21,72.034,73.844
3.2923,106.69,97.684,96.053,90.65
2.3495,96.687,96.889,94.805,93.108
2.1768,95.559,99.316,92.547,89.487
3.0178,79.069,101.88,68.5,68.762
3.416,71.284,72.957,73.913,70.969
2.8253,85.684,85.981,81.122,83.611
2.221,85.319,94.112,86.38,84.729
2.4261,122.81,121.45,83.832,74.803
2.9032,35.094,56.347,6.6667,36.44
3.5769,65.051,67.165,77.912,74.285
1.9473,94.982,92.944,93.939,86.787
1.5221,111.25,111.05,81,71.533
1.6857,60.487,62.316,71.681,65.667
1.7834,50.237,56.705,61.017,67.25
0.81201,77.979,78.324,83.333,77.697
5.8011,21.341,21.249,38.33,51.973
2.9463,105.07,81.377,85.366,72.907
2.5482,171.78,122.3,94.801,73.419
5.7531,71.101,66.569,39.709,39.447
2.4645,28.379,34.897,25.751,36.645
3.0375,34.127,36.176,38.462,39.126
3.0481,35.997,35.888,15.574,25.125
5.6649,-29.579,-5.1531,6.6667,17.882
1.8603,64.76,49.054,41.748,41.679
2.5026,-41.119,-12.555,9.6257,20.502
3.3454,-65.131,-29.454,8.9744,16.707
2.8237,33.683,16.929,38.554,35.55
4.7946,-14.222,-12.565,44.986,39.139
3.025,64.412,49.21,60.987,50.518
2.2044,35.84,26.728,48.454,39.707
2.5617,7.6493,7.5734,17.04,21.606
3.575,38.818,28.698,42.857,43.633
3.295,2.877,3.9873,70.222,57.751
4.145,37.668,37.557,22.368,31.938
3.0414,22.282,32.917,18.705,28.494
3.6388,55.206,50.561,37.549,42.094
3.4576,60.076,56.359,71.053,68.795
3.6473,17.062,16.975,69.038,60.216
3.6711,62.994,47.133,64.539,48.684
2.6967,24.194,37.767,19.917,33.152
2.6417,83.62,67.458,55,50.519
4.514,55.519,62.156,84.286,75.953
3.5421,90.759,59.1,94.468,76.168
4.0305,54.755,47.203,6.0498,19.772
3.5815,50.227,50.644,60.816,50.797
3.0345,66.053,65.392,59.353,57.26
3.2192,54.226,58.778,47.479,56.877
3.2371,84.091,64.636,83.539,74.927
3.9661,17.824,37.751,6.9686,22.286
2.3576,83.137,74.057,67.826,62.776
2.505,88.847,85.544,76.119,73.617
2.8326,69.833,69.2,54.852,61.85
3.1526,31.857,30.753,79.443,69.336
2.9746,64.214,66.588,56.322,56.634
3.0489,86.677,86.51,76.695,76.693
2.8274,100.9,94.201,91.866,84.102
3.3651,70.314,65.2,72.84,69.699
3.5774,15.841,15.756,57.364,59.965
2.0878,62.775,62.509,55.612,57.374
3.3069,96.291,83.047,91.342,76.279
2.0661,102.15,76.315,70.683,63.405
3.0722,31.711,25.868,38.889,42.285
1.8967,48.489,40.137,62.651,57.808
2.4047,24.973,34.465,28.926,39.094
2.6033,23.056,23.799,18.321,26.73
3.1122,-68.87,-33.043,8.9744,16.915
2.4219,-58.091,-44.936,8.3799,13.563
3.3675,5.5833,12.267,9.622,25.547
3.5211,-10.057,-10.113,18.113,15.623
1.7682,0,-13.206,10.638,11.606
2.5797,24.347,24.252,57.044,57.042
0.70065,10.546,18.248,11.594,20.751
1.6375,32.645,44.118,26.708,40.281
2.1535,62.368,56.554,69.62,58.096
1.7332,24.236,40.311,17.931,33.95
1.7277,101.97,84.554,83.007,64.905
0.95782,99.768,93.719,91.892,79.428
1.9095,-14.372,4.7532,9.2593,19.842
2.992,75.685,57.033,72.075,56.46
2.7398,97.894,78.307,89.286,73.255
2.5889,37.883,51.89,29.327,40.955
3.4112,73.485,75.63,11.877,38.228
1.924,99.276,95.229,83.453,79.485
2.9293,21.674,24.061,28.718,30.398
3.4816,26.589,37.463,30.483,41.082
3.1395,41.549,52.181,46.531,55.635
3.4675,65.227,65.084,67.045,62.033
3.5174,68.983,76.372,85.47,75.302
2.1214,120.03,111.8,95.625,91.045
3.4037,72.659,56.444,59.859,51.148
2.5123,101.72,78.096,88.393,71.399
3.4847,62.965,60.931,78.151,70.014
3.8225,71.567,68.949,69.625,67.403
2.8443,81.233,76.97,29.268,46.321
2.3948,92.77,90.452,78.736,76.037
3.3933,-25.59,6.2141,5.9761,23.712
2.4965,45.914,43.983,41.206,41.749
2.9441,18.872,37.558,28.365,42.932
4.1045,90.94,72.429,91.611,75.022
3.4235,50.544,59.808,53.778,56.899
2.6696,85.865,76.409,76.768,66.61
5.0534,57.699,43.592,70.245,52.324
2.8068,40.153,35.01,29.963,33.497
2.5464,34.699,44.297,44.811,49.333
3.2006,91.679,70.89,80.769,66.66
4.0425,12.501,33.481,20.385,35.472
2.772,14.797,35.505,22.5,31.89
4.0071,55.872,55.74,37.764,46.718
3.5224,20.462,37.352,28.077,38.963
2.519,48.446,49.038,47.619,48.009
2.9639,53.28,54.063,52.766,52.883
3.6334,21.251,37.058,29.918,39.059
3.093,69.811,67.397,28.761,39.56
3.6276,47.141,57.287,61.792,60.485
2.8882,98.184,84.284,80.488,72.156
3.7868,60.424,61.841,54.808,56.69
3.3424,55.55,59.514,52.137,56.137
2.9771,67.529,67.59,72.683,63.277
2.654,102.8,97.539,57.219,59.026
2.7912,115.06,90.308,94.85,81.292
3.4604,97.846,93.514,89.024,83.952
3.162,40.109,65.213,46.124,62.385
3.3205,97.518,87.476,76.132,73.682
3.5554,90.704,85.688,82.533,73.461
2.9639,58.506,72.624,16.279,40.76
3.2094,98.382,89.263,91.342,81.338
3.4365,116.73,107.67,95.556,90.949
2.9112,115.92,104.48,95.763,89.253
3.162,105.68,98.118,93.145,87.315
4.2153,94.417,84.755,93.772,81.197
3.2628,57.085,67.864,66.341,57.047
3.0101,115.06,106.31,92.913,86.6
3.5775,108.87,101.65,93.704,89.762
2.8996,74.82,79.487,70.94,74.715
3.6483,91.875,87.846,84,82.321
3.3269,55.623,58.399,70.588,67.803
2.7419,27.412,42.983,34.848,45.471
3.0106,97.653,100.16,93.074,87.016
2.9356,78.598,85.107,83.333,84.528
2.7654,50.771,63.278,61.321,69.269
3.6107,64.577,68.494,65.233,65.785
3.392,70.335,69.721,71.73,71.822
3.0888,28.999,46.711,35.185,48.643
2.918,123.32,109.91,95.257,87.131
2.9633,92.469,83.272,87.671,81.405
2.748,62.362,63.694,78.341,68.629
2.8934,68.892,69.357,5.8824,34.439
3.1698,97.991,87.823,93.274,80.48
3.2718,76.419,82.735,83.41,78.714
2.489,118.27,108.63,85.259,79.031
3.7995,60.513,73.294,65,68.605
3.2891,52.778,58.19,55.078,56.127
2.6898,54.486,57.581,56.566,55.393
3.3433,89.737,82.153,86.611,76.972
3.0902,85.268,87.853,85.915,81.088
3.2171,93.551,96.386,84.98,79.193
3.001,86.134,86.187,69.835,72.388
3.2123,71.164,67.846,47.391,52.864
2.8923,48.307,51.428,61.5,56.755
3.6607,51.462,57.294,59.701,57.609
2.9213,94.177,90.29,90.625,74.893
2.2737,100.55,98.648,63.875,63.873
3.4852,92.158,93.133,94.419,87.043
3.4005,84.227,77.926,77.736,71.007
3.6032,50.621,50.024,31.837,38.133
2.9107,43.069,42.952,20.29,23.949
2.7915,53.421,53.164,6.6351,23.301
2.9252,76.432,76.277,39.815,45.103
1.9611,117.09,102.81,75.521,73.395
3.6543,87.489,81.406,91.342,81.458
4.092,31.793,36.739,37.413,40.404
3.2483,16.772,22.27,19.583,20.262
3.0161,0,19.959,14.433,20.328
2.597,37.903,43.011,42.975,45.372
2.8251,59.67,65.303,62.667,63.385
3.4708,57.096,51.438,61.957,56.911
3.7445,7.2382,16.804,10.909,22.277
3.5291,0,7.7621,16.4,18.935
2.7754,18.873,34.577,12.755,24.885
2.8934,65.887,56.381,77.523,65.116
3.7972,62.868,58.478,74.476,65.819
3.4916,16.076,26.55,24.315,33.728
3.09,38.546,40.774,45.726,45.907
3.5944,35.059,34.201,38.806,37.844
2.7625,40.435,56.194,45.251,50.993
2.5287,102.24,78.55,74.286,68.137
3.6384,33.126,44.343,39.13,45.306
2.8287,15.083,22.888,20.183,26.839
3.1331,67.727,55.899,68.444,56.369
3.8976,94.744,76.234,88.339,73.618
2.5169,64.553,71.341,69.048,65.683
3.1652,120.95,93.645,94.662,77.223
2.8607,40.239,49.894,33.333,44.28
3.0153,13.031,29.994,15.574,30.509
3.2062,65.14,64.997,47.5,55.898
2.8858,91.222,81.458,94.359,82.59
2.1872,24.899,57.687,32.624,50.937
2.88,101.57,91.125,73.162,72.285
2.8469,107.28,101.2,95.192,87.526
3.3534,88.88,74.62,88.525,73.087
3.8259,40.032,51.192,44.565,52.664
3.3433,84.081,76.872,91.304,76.67
2.242,77.282,83.742,28.571,48.991
1.5831,113.86,101.84,85.294,81.626
2.9291,95.616,87.458,88.889,81.332
2.84,39.589,47.536,37.5,46.794
2.8024,62.925,67.763,65.801,66.116
3.4588,107.17,96.484,95.349,85.329
1.9045,92.982,98.116,88.462,80.899
1.3479,32.586,46.05,47.273,51.148
1.5346,17.129,28.261,16.176,28.206
1.5509,69.069,65.12,60,57.486
1.8765,118.57,105.49,95.395,88.656
0.77356,106.24,109.94,93.068,91.198
1.5638,76.684,76.528,75.207,76.179
1.6132,90.767,87.367,94.898,91.562
0.85713,81.639,99.131,89.231,86.359
2.1622,93.37,87.795,74.37,71.651
3.6416,69.995,63.255,74.007,62.878
3.4084,51.161,58.45,44.928,55.751
3.6941,88.124,82.925,93.59,85.131
2.0177,45.177,92.905,45.625,62.395
2.9096,98.237,92.086,35.632,43.064
2.6503,84.305,82.919,58.431,57.746
3.2695,-14.855,26.093,7.0248,33.401
3.3498,78.15,71.384,78.022,69.984
3.4665,112.81,95.369,93.258,84.539
2.4099,73.577,93.58,75.661,77.155
2.1744,112.17,100.16,68.67,63.039
2.7057,129.79,103.56,81.315,71.797
3.3604,72.095,71.674,74.725,69.639
3.0096,65.759,70.015,48.826,60.226
3.4891,89.305,88.725,86.864,84.323
3.0175,87.955,108.77,88.636,85.285
2.9562,72.054,83.671,58.868,63.409
3.4831,88.331,89.601,86.94,83.075
2.6389,107.99,93.946,93.367,85.016
3.0594,45.167,58.516,46.226,56.955
3.9346,96.928,81.761,95.113,80.37
3.2024,63.819,77.303,63.596,67.719
2.7661,85.848,89.057,76.943,76.452
3.1322,85.869,87.772,79.464,81.195
3.3704,87.715,83.311,82.083,78.904
3.7445,29.291,47.895,33.462,51.061
4.1094,57.121,59.145,62.324,63.654
3.1686,51.318,76.396,57.407,57.733
3.0717,97.138,94.692,82.5,77.778
3.1478,95.168,91.572,89.655,85.977
3.9553,94.336,85.861,94.636,86.471
4.0035,56.646,59.576,66.795,67.363
4.0067,74.954,63.271,76.208,67.2
2.9603,53.021,71.995,57.763,50.16
3.0544,58.006,77.734,54.701,63.015
3.3571,100.03,93.641,93.089,87.35
4.4382,80.843,76.821,88.449,80.134
3.8708,46.249,54.015,53.668,59.267
2.9858,42.855,48.932,51.724,56.977
2.6776,32.792,46.47,39.674,46.194
3.1795,100.37,95.713,76.639,72.563
3.6656,84.485,83.193,74.131,76.518
3.7878,70.942,70.793,70.751,70.669
3.6557,51.359,62.009,33.061,52.379
2.9017,81.38,70.409,84.184,73.221
2.9903,53.307,57.433,67.943,58.65
2.8096,45.946,70.652,51.429,63.659
4.3403,56.701,63.792,70.395,72.015
3.3433,55.747,63.326,68.559,73.256
3.4354,96.519,82.734,88.793,78.426
3.5866,83.266,69.503,82.996,71.343
2.9836,-23.011,24.359,7.8125,24.35
2.7081,87.517,85.175,79.602,72.927
3.4944,69.227,62.582,81.2,70.507
3.3794,69.546,62.482,90.045,74.926
3.329,77.665,68.82,79.204,72.779
4.4386,49.43,47.88,53.074,50.889
3.0076,27.234,48.985,12.315,24.881
2.4307,15.247,42.617,26.111,41.53
2.4167,46.983,44.779,60.571,49.191
3.323,48.29,47.327,10.8,28.974
4.0426,12.702,29.246,18.478,33.262
4.3307,40.093,45.903,37.179,45.876
3.0742,55.283,85.99,58.5,56.855
2.2497,21.723,41.25,22.981,34.739
2.6781,34.313,34.994,10.383,21.55
3.551,45.2,37.118,58.566,42.323
4.0353,25.007,29.709,37.037,38.789
3.8473,95.25,74.795,92.395,71.578
2.9455,85.911,95.552,85.354,72.982
2.0193,97.507,92.922,89.241,74.049
3.4906,39.475,43.037,39.615,41.709
3.7249,-0.19951,23.656,7.6923,28.088
3.7934,24.254,34.841,32.453,37.482
3.1005,61.565,58.397,9.1346,30.734
2.5503,50.449,71.013,61.798,61.517
2.0308,96.857,102.85,85.811,80.352
3.3586,89.816,80.13,78.161,71.598
2.4553,97.133,78.599,76.555,67.439
2.9717,60.916,53.211,57.798,52.986
3.4744,52.707,49.316,61.088,51.664
2.8477,48.765,58.977,57.143,56.834
1.1926,76.417,84.245,72.439,72.371
2.9505,91.283,82.956,71.805,72.512
3.7805,54.237,56.352,71.429,65.077
3.4328,31.301,40.201,30.216,42.15
3.1048,43.715,50.19,47.863,54.918
2.0006,67.125,85.943,69.333,71.76
1.5968,41.111,50.467,59.701,62.262
3.24,37.321,41.691,48.76,53.513
3.7552,25.467,41.177,34.137,47.499
3.5714,76.956,71.131,76.078,71.07
1.9247,77.844,97.333,92.105,83.42
1.7072,73.321,66.182,77.311,69.694
1.8121,101.21,88.406,88.112,81.011
0.89954,102.74,95.424,93.939,86.026
0.87466,85.884,90.084,84.615,82.062
1.6456,101.01,77.393,88.652,70.766
1.6027,28.227,41.034,17.213,34.335
2.4127,48.958,66.326,55.307,64.873
3.083,29.03,41.785,33.333,44.02
2.537,31.439,45.061,38.182,46.346
3.4346,55.608,61.373,61.786,61.171
2.3921,72.011,78.244,60.19,67.718
1.2999,89.26,88.836,71.429,72.712
2.5135,88.723,88.283,91.329,82.91
3.0648,67.681,62.388,66.516,61.001
3.129,50.507,52.554,46.262,48.303
3.3933,116.63,91.129,96.154,75.265
3.2122,100.57,94.647,89.837,80.796
2.9034,106.51,98.438,93.013,86.049
2.0767,87.228,87.06,71.37,71.368
2.6176,103.3,93.121,92.553,82.405
2.9268,36.929,49.467,36.979,47.236
3.0809,33.85,46.055,21.635,39.263
3.1004,55.747,57.008,68.545,57.972
3.7214,83.413,83.032,12.635,42.01
4.0495,88.796,94.509,88.699,82.884
2.5401,100.25,94.88,71.667,72.13
1.9213,51.322,58.247,32.044,43.112
2.8834,94.275,98.678,93.627,88.513
3.4967,69.505,65.84,69.796,66.167
3.1445,37.163,39.421,49.261,48.832
2.9703,24.403,37.318,36.181,42.618
2.9552,79.591,74.711,85.644,72.378
3.5312,114.66,102.94,93.407,84.877
3.1854,123.16,107.97,95.968,83.275
2.8941,88.401,78.56,75.833,60.564
1.8051,0,22.241,20,27.534
2.8274,98.358,92.438,91.758,79.541
3.6699,93.911,78.275,91.463,78.628
3.6341,30.755,39.315,45.02,49.974
3.376,42.096,48.846,46.121,54.43
2.8652,76.661,81.086,80.711,81.168
3.0706,110.89,95.311,94.397,85.596
3.5864,55.642,66.154,59.363,59.754
3.3402,81.16,71.738,9.1667,25.491
2.7649,38.951,38.838,12.4,17.2
2.6507,20.663,35.738,31.183,40.713
3.5176,13.195,31.04,23.333,36.449
3.1781,40.68,42.708,45.581,46.784
3.1946,46.287,48.383,56.019,51.517
3.5218,91.105,79.37,89.496,76.634
3.1646,84.842,76.546,84.434,76.555
3.5357,26.838,47.361,35.793,50.772
3.1235,26.322,36.005,32.946,34.447
3.5769,24.667,28.804,7.037,13.247
2.6794,13.482,29.673,12.308,31.949
3.4768,31.852,37.591,37.131,39.873
3.737,44.979,49.061,26.515,36.664
3.2224,59.173,59.037,20.37,35.682
3.2507,32.584,49.963,38.667,51.252
3.2984,65.119,64.058,69.298,66.928
3.3091,119.7,97.667,95.736,82.518
2.9747,55.68,63.111,54.065,58.571
2.8418,51.025,41.668,53.282,44.619
2.2888,-3.9225,22.199,7.8125,21.103
3.121,70.654,59.967,77.184,61.336
3.6503,110.04,91.036,90.661,78.611
3.795,80.909,77.072,74.905,69.287
3.4603,59.405,60.966,69.71,68.22
3.6005,54.471,63.976,58.298,65.739
3.2427,93.602,94.525,80.488,82.308
2.8882,116.56,105.79,91.453,85.826
2.8013,99.628,77.296,78.279,67.066
2.5527,54.969,58.548,25,37.395
3.4389,69.796,75.954,68.333,72.469
3.9708,98.397,91.341,91.228,86.418
3.3375,102.89,88.056,97.333,86.25
3.246,44.235,55.212,58.929,65.514
3.2293,79.807,74.626,79.825,76.342
3.0536,90.919,88.559,89.823,85.444
2.7588,115.54,101.9,93.304,86.139
2.9219,67.027,72.277,68.103,67.97
2.644,83.348,84.194,90.805,81.838
3.798,89.752,87.108,93.05,88.805
3.9558,69.726,74.363,78.467,75.579
4.1762,55.54,66.336,58.929,69.975
3.5606,68.804,68.477,81.702,78.323
2.8803,56.421,64.841,60.976,70.522
2.6115,65.048,68.539,75.773,74.934
2.8446,104.44,89.716,87.302,78.776
3.3161,32.337,44.174,42.387,49.258
2.5808,98.548,94.026,93.923,89.586
3.5923,84.025,86.545,76.151,72.517
3.4487,71.955,80.257,21.356,40.253
3.8831,85.744,84.528,89.683,82.738
3.7391,94.026,86.833,91.935,87.848
3.3536,80.27,73.156,92.34,82.866
1.9162,45.737,53.017,61.438,63.368
2.0432,63.427,63.949,51.042,57.352
2.7368,55.65,54.614,52.157,52.511
2.9291,99.949,93.447,96.618,86.261
3.4054,111.83,100.63,22.642,39.303
2.3537,93.625,93.125,30.22,39.585
3.48,105.25,98.559,95.547,84.505
3.6015,103.26,93.343,94.672,88.077
3.1928,72.178,68.603,77.093,72.233
2.5737,48.286,53.525,45.918,53.998
2.6551,70.695,62.512,72.034,60.802
2.442,30.481,34.784,31.559,37.045
2.609,81.816,81.007,81.143,81.954
3.4254,84.925,84.76,69.774,69.772
3.1156,82.217,86.855,75,70.458
3.2578,96.549,88.043,94.762,85.715
3.3377,99.271,88.03,86.498,79.638
2.6795,26.671,43.91,34.975,47.433
3.242,32.56,40.098,34.701,40.897
2.9178,81.159,64.495,59.608,51.186
2.4568,55.82,55.689,45.583,45.582
2.5394,65.595,73.988,70.621,77.249
3.5336,65.334,68.871,69.748,72.611
3.5023,68.4,66.694,73.494,70.865
2.7769,32.922,48.291,39.801,53.546
3.2335,74.521,73.435,71.61,71.469
3.074,34.362,43.966,31.418,42.48
3.3472,16.997,33.584,21.012,33.259
2.1954,49.078,48.955,34.872,36.683
2.001,95.576,89.62,89.933,79.629
2.9051,98.109,76.728,97.03,81.42
3.4554,44.73,51.241,66.532,64.208
3.1796,47.142,56.303,56.8,56.657
2.9122,104.2,95.811,95.175,87.849
3.828,92.262,82.149,94.595,80.651
1.943,46.262,48.927,42.353,47.502
2.1233,-23.619,26.558,6.0606,38.957
3.1536,43.883,45.122,60.776,57.888
3.3792,38.433,46.113,8.8353,31.064
3.7416,60.435,63.424,11.945,26.227
1.9305,120.77,103.06,84.456,78.563
1.351,89.519,95.007,93.069,91.886
0.83737,27.227,44.083,80.597,71.668
1.8267,78.073,58.03,90.78,72.425
1.6773,65.539,62.97,77.391,68.195
1.3109,26.377,43.431,9.5745,33.827
1.6168,72.471,62.155,78.512,64.749
1.6883,50.511,50.332,44.218,49.601
3.1279,78.432,71.392,79.621,71.182
3.7405,32.793,44.041,43.023,50.797
3.8944,35.422,45.754,35.496,48.511
3.6994,60.825,58.868,73.684,67.759
2.6535,37.321,50.245,48.108,60.038
3.8557,63.282,73.709,68.165,72.049
3.9395,55.764,59.646,60.985,64.15
3.2933,76.09,69.012,87.446,76.592
3.1552,82.873,71.403,85.849,77.144
2.9663,76.145,69.701,83.663,77.777
4.2626,79.393,68.669,82.432,71.967
3.2798,73.254,70.403,62.724,63.539
3.9192,98.565,87.115,93.704,81.714
3.1622,70.771,67.888,80.392,73.48
3.0426,77.709,72.38,69.34,69.795
3.7395,45.506,54.675,55.336,60.131
3.4844,44.76,49.84,57.627,57.831
2.9759,38.558,42.451,34.483,39.965
3.5556,53.901,52.277,57.143,51.106
4.274,94.138,82.547,85,76.992
2.356,80.264,83.969,88.889,86.099
3.2321,81.58,78.504,83.111,76.633
3.2059,23.672,49.077,28.44,51.981
2.8974,86.474,80.775,88.06,80.669
3.6671,102.84,85.728,92.032,80.059
4.0241,18.957,31.602,6.8702,26.714
3.2132,17.213,24.966,16.863,23.801
3.1332,28.383,39.764,14.218,33.512
4.0259,77.375,72.024,87.149,76.937
3.3766,91.651,86.828,87.795,81.644
1.3602,85.958,56.743,71.574,67.697
2.7499,83.407,81.858,93.814,83.729
3.4385,72.779,72.443,72.614,74.087
4.1073,86.286,77.953,88.542,80.253
3.3421,86.482,75.689,90.141,80.274
3.5918,47.336,48.943,54.406,54.201
3.8691,40.457,39.556,54.864,47.514
3.0153,48.128,51.59,54.412,57.159
3.1317,57.909,64.466,68.5,72.073
3.6003,71.238,74.694,70.037,74.129
2.198,75.756,62.351,38.037,54.308
3.383,90.417,87.2,93.074,85.761
3.7929,68.712,69.686,69.349,69.708
3.5108,62.406,61.948,61.475,62.143
2.9852,39.764,51.432,57.065,63.38
3.0849,28.52,43.341,40.284,52.794
3.802,30.993,45.288,39.394,52.423
3.8509,79.575,72.205,80.315,75.413
3.1645,93.611,86.779,93.488,87.683
3.4072,105.94,89.477,96.552,86.903
2.8486,54.177,45.443,84.239,75.706
3.8102,60.465,70.839,76.981,73.002
3.8638,55.628,56.034,28.464,43.709
3.1716,42.91,53.966,54.128,59.11
2.9626,76.669,69.641,80.676,74.226
3.2588,99.012,86.039,95.175,85.127
4.0064,92.862,87.225,93.75,88.594
3.4846,77.565,80.892,79.399,83.306
3.4964,76.132,78.717,84.889,82.654
3.1168,39.03,49.626,34.348,51.14
2.798,36.162,39.341,63.83,58.845
3.758,36.29,49.071,46.947,49.263
3.1969,64.238,64.097,60.138,60.136
3.0397,62.985,67.035,74.163,66.029
3.4992,91.087,84.248,85.656,76.543
2.9663,94.651,92.926,90.64,87.36
3.4526,93.251,89.746,97.403,90.271
4.3116,87.491,83.813,91.459,87.877
3.8389,91.56,77.949,82.836,74.798
2.7624,20.3,41.928,28.856,41.781
2.2079,104.19,79.3,25.316,38.403
3.2519,39.67,53.464,7.7253,23.115
3.2513,59.66,60.587,65.517,60.424
3.5514,106.63,91.331,85.597,76.703
3.401,76.139,75.778,17.143,38.204
3.913,78.446,77.089,41.887,54.212
3.6026,72.802,78.29,83.73,82.786
3.6106,82.218,79.954,88.938,85.616
3.7474,50.282,64.688,56.299,69.075
3.4131,87.774,76.255,88.664,78.848
2.754,67.5,60.344,59.113,56.585
3.8578,21.876,41.239,26.296,40.028
2.9926,104.16,90.282,95.122,85.312
2.9577,98.148,90.715,93.659,88.449
3.8781,39.076,58.302,51.163,58.291
3.6892,62.912,66.723,64.706,66.909
2.8864,98.378,87.537,95.588,85.972
3.3754,97.254,86.926,91.064,84.504
3.2928,58.268,71.338,66.204,72.309
3.9586,80.179,77.57,89.377,84.028
3.5668,57.731,54.855,78.112,72.784
3.4398,43.308,52.949,56.652,61.64
3.7062,69.992,72.081,86.853,82.621
3.433,83.749,80.883,87.069,85.669
3.4436,77.285,72.27,82.158,77.594
3.1883,66.852,68.816,64.574,67.562
2.8574,64.001,72.65,58.5,67.273
3.6916,92.265,92.504,83.267,78.458
2.4811,130,111.4,84.293,79.516
3.6527,65.466,80.12,79.817,79.31
3.7439,72.501,66.605,86.695,76.861
3.2603,86.516,83.881,86.726,82.408
3.5862,80.204,77.206,89.024,85.595
3.3473,94.328,83.948,92.478,86.941
3.1479,85.8,79.015,96.535,87.191
3.3707,57.223,58.539,65.044,64.718
3.6036,70.855,68.593,63.306,64.465
3.5858,99.118,90.349,97.095,74.798
3.0993,132.96,115.57,45.495,57.642
3.1684,89.455,88.959,87.168,75.087
2.9633,85.596,80.323,46.903,54.691
3.2212,86.14,88.922,85.915,81.172
3.8278,80.983,81.553,89.388,87.727
3.5926,66.317,70.747,74.074,77.035
3.6754,36.892,49.473,43.825,56.888
3.6056,25.97,37.939,35.317,45.012
3.1101,56.708,55.954,57.919,54.403
3.3371,40.745,47.538,9.0535,26.647
4.1388,80.808,81.47,11.401,32.814
3.2696,94.831,84.488,83.594,70.977
3.6383,72.782,68.295,38.739,44.671
2.986,49.024,68.24,53.333,62.146
3.3968,75.386,77.159,83.613,83.306
3.5064,101.58,88.879,93.75,87.454
3.2048,68.022,65.717,77.465,73.772
3.5927,63.876,57.302,74.899,67.728
3.8409,39.388,41.929,42.652,44.408
3.7359,25.996,29.63,45.771,37.884
4.0111,39.261,45.806,45.802,42.709
2.9795,95.145,81.479,78.632,75.261
3.3526,37.921,55.884,74.672,68.388
3.494,79.798,71.211,90.8,76.495
2.6087,63.226,67.525,73.864,76.189
3.1988,97.829,85.673,93.363,85.773
4.1537,45.506,60.962,56.491,70.151
3.6206,77.32,66.786,93.277,79.346
3.0667,50.37,50.245,49.895,49.893
3.7973,21.951,28.952,6.7194,22.477
3.8436,21.994,35.935,35.983,40.407
2.4469,104.83,85.392,90.71,78.129
3.5343,82.959,74.901,93.86,82.069
3.9196,25.189,41.461,36.502,44.997
3.6281,44.337,49.779,50.951,57.148
3.4324,89.079,71.52,95.279,78.795
2.9358,84.256,72.022,94.5,82.053
3.6376,62.781,58.059,75.299,68.044
3.1437,50.411,48.862,31.525,41.031
3.9037,35.033,45.373,58.366,56.398
3.9034,40.986,40.871,27.413,34.126
2.8532,26.481,43.452,28.571,44.488
2.7139,81.768,69.269,87.745,79.603
3.7747,38.36,50.169,62.832,63.663
3.3998,44.304,40.91,46.888,48.159
3.5676,0,18.622,19.141,32.009
3.1303,18.82,31.973,26.484,40.349
3.0277,28.167,36.455,38.235,46.744
3.6772,64.813,61.814,81.423,73.24
3.5316,102.3,90.995,96.104,90.191
3.6668,76.179,71.187,79.476,72.685
3.34,64.275,58.669,49.351,50.568
3.1932,61.96,56.875,69.626,69.394
3.23,71.092,78.042,89.732,76.988
3.4777,75.968,65.335,84.255,74.581
3.2776,36.06,42.497,45.455,48.638
2.8887,29.35,34.069,29.952,35.872
3.5046,50.226,53.607,54.839,54.979
3.9457,79.006,77.231,84.701,79.439
2.8771,106.39,98.696,95.628,93.224
3.1631,96.565,89.111,94.286,89.666
4.3302,50.121,58.723,56.294,63.427
2.2009,84.28,68.998,91.86,77.44
3.4716,92.434,89.34,18.431,39.213
3.4413,60.204,60.293,63.025,57.942
3.5724,58.925,57.646,62.185,60.633
3.3092,99.556,78.427,74.892,63.364
3.2366,88.029,76.953,50.455,55.065
3.1257,42.808,55.336,46.89,56.038
3.3925,72.586,72.256,83.406,80.424
4.2227,69.849,69.701,90.164,81.642
3.1394,37.537,52.788,33.459,50.965
1.383,56.433,57.791,46.154,51.654
3.5168,89.138,91.462,92.116,77.919
3.4727,41.392,54.349,13.717,34.306
3.6246,24.582,34.359,38.683,41.462
3.6189,41.148,46.571,45.098,46.747
3.1326,62.548,58.131,60.87,55.545
3.2086,63.779,59.664,64.815,62.682
3.7855,46.844,59.298,59.677,67.139
2.8422,115.44,92.964,94.583,81.18
3.4616,64.408,68.288,66.807,65.876
3.5047,91.506,94.952,90.041,84.843
3.5277,98.52,85.416,93.103,78.019
3.2817,66.694,55.708,65.198,51.433
3.6112,17.51,24.495,21.795,29.323
3.7989,25.593,36.714,33.208,42.25
3.5688,76.593,71.107,75,71.42
3.188,59.068,68.546,54.583,62.945
2.3629,102.72,97.386,75.191,74.986
3.42,53.389,62.425,60.169,60.493
3.5342,69.556,66.229,72.34,65.299
4.2038,51.695,55.812,14.058,33.211
3.856,14.498,28.712,17.133,28.885
3.2804,82.766,71.858,92.444,77.517
2.0191,106.8,89.828,95.181,83.804
1.2671,40.761,54.688,44.954,54.929
1.8339,25.958,46.041,33.75,41.711
1.7315,14.471,27.558,19.853,33.19
1.8362,94.122,90.937,74.286,72.298
0.82562,131.85,131.87,95.522,81.845
2.1007,26.367,44.423,29.944,49.465
3.5228,74.171,72.46,83.75,66.666
4.4331,69.9,67.621,20.805,30.28
3.3034,38.323,49.491,41.132,46.22
1.9233,53.372,88.51,52.201,60.801
3.5628,94.85,91.01,28.75,43.474
3.6351,72.847,72.696,61.476,61.474
3.4516,87.609,74.011,93.274,71.723
3.3192,97.204,80.406,20.158,33.779
2.8586,48.569,48.446,32.937,33.308
3.8602,-21.954,7.5389,7.8864,23.876
2.7022,73.083,81.798,85.714,68.422
2.9374,85.403,85.237,50.98,57.491
3.2629,128.99,108.65,87.697,80.187
3.195,94.85,92.88,84.375,78.492
3.4,80.819,75.013,88.53,76.391
3.4098,6.107,35.06,12.451,34.107
3.8054,63.943,60.34,68.441,56.68
3.9552,43.999,46.775,44.406,47.933
3.2452,41.081,47.938,27.126,39.191
2.3397,86.882,94.042,24.691,43.305
1.4006,33.131,40.241,41.284,44.146
3.0506,33.131,44.76,38.768,45.804
3.93,41.814,58.614,53.333,57.397
3.5114,92.39,83.354,87.023,77.007
3.0487,74.069,76.118,70.445,68.997
3.3342,116.84,88.629,86.486,70.314
4.3859,41.075,51.532,46.026,54.428
3.6133,98.182,81.124,90.038,78.196
3.492,63.307,64.636,63.713,65.777
3.4528,61.222,59.537,77.155,68.153
2.7683,100.97,109.8,91.837,74.017
1.757,76.476,76.321,60.978,60.976
2.7803,98.584,84.766,69.853,66.054
2.9095,49.473,58.048,42.586,51.331
3.0438,40.918,47.821,43.511,44.412
3.0506,49.45,54.399,12.5,31.102
2.8512,33.785,45.745,34.884,42.75
3.9088,29.223,43.814,40.143,46.963
3.4499,61.757,61.748,70.539,63.413
3.8943,78.46,68.757,81.343,67.318
3.6259,52.32,50.399,50.417,51.46
2.9567,43.975,64.269,59.434,53.074
2.8678,106.39,99.129,94.309,83.926
3.2717,93.072,88.319,75.986,73.784
3.3492,51.984,57.55,48.263,51.67
2.4706,38.881,43.626,7.7778,26.466
3.2035,42.585,46.894,50.41,45.341
3.722,75.786,63.665,79.283,64.52
3.548,47.25,47.605,63.265,52.493
3.5039,63.399,55.011,9.6525,27.91
3.5685,29.578,40.26,29.487,38.967
3.5783,27.771,35.908,31.174,38.542
3.6101,14.043,29.304,4.3011,20.837
2.5821,70.382,78.236,64.063,70.676
2.4869,100.66,93.07,86,81.507
3.6029,100.69,90.354,91.633,83.098
3.9518,68.661,65.557,75.812,61.356
3.8695,61.507,63.591,18.021,37.904
3.0583,69.417,66.962,82.813,69.863
3.321,55.055,54.924,29.258,45.195
3.6976,18.518,35.075,28.745,37.872
3.1381,77.075,65.362,80,71.871
4.1301,63.395,54.309,78.746,64.202
3.3088,13.274,39.091,18.803,28.447
2.9676,104.09,84.586,82.89,72.093
2.7954,64.356,75.684,67.411,72.933
2.4536,107.36,95.998,91.099,85.745
3.2892,56.094,65.902,60.331,62.775
4.3031,81.517,66.375,22.973,33.031
3.4213,62.219,61.034,75.21,62.275
3.1115,40.133,50.059,41.905,52.594
4.1123,72.06,59.575,88.603,71.379
3.5212,62.98,64.348,76.889,76.491
3.9613,75.75,62.761,77.899,68.515
2.7994,31.986,57.285,45.685,45.458
2.798,60.263,60.628,49.145,52.713
2.7584,54.567,61.767,53.07,58.331
3.6657,96.464,81.288,91.506,77.862
4.495,21.187,41.118,23.208,37.63
3.3941,21.552,28.066,26.05,25.235
3.1312,39.436,43.683,43.119,43.906
3.6991,71.711,55.032,81.452,65.414
3.5552,-16.007,11.374,6.1224,29.24
4.3044,44.739,46.977,54.452,57.363
3.9374,45.408,50.357,53.676,54.873
3.6117,62.87,73.296,66.935,61.347
3.2915,63.038,58.383,87.264,70.227
3.1675,35.725,48.858,37.546,49.059
3.4726,95.727,83.529,89.6,78.416
3.4628,85.273,78.146,90.95,77.928
3.4692,32.421,39.213,11.814,29.67
4.0127,12.566,26.23,19.366,32.208
4.2854,26.807,35.119,39.262,45.058
3.7218,34.191,39.585,44.269,48.774
3.6951,76.544,71.596,80.309,73.009
3.4209,28.382,45.235,6.0897,31.979
3.1492,55.202,76.482,53.153,57.81
2.7888,17.703,38.724,21.839,38.516
2.756,74.416,74.66,54.618,60.301
2.9735,92.826,92.652,83.223,83.221
3.2595,100.57,84.118,90.661,78.295
3.1459,50.045,49.487,70.638,60.537
3.9627,66.177,54.855,68.705,55.206
3.2776,48.782,52.377,52.402,55.158
4.0377,104.96,87.438,95.273,82.739
3.613,95.274,96.268,95.516,94.099
3.2769,106.1,92.47,96.121,85.913
3.2256,80.882,101.84,84.052,80.764
2.698,55.664,63.687,53.846,53.319
3.2174,101.93,91.739,84.8,76.716
2.9683,108.15,98.115,90.283,83.874
3.9519,41.403,57.38,48.45,56.36
3.4327,33.287,46.259,41.445,44.582
3.6954,78.275,61.823,7.9245,20.369
3.9066,34.418,48.423,33.942,43.335
3.7719,106.11,94.245,94.697,86.227
3.3379,105.22,97.819,96.218,89.855
3.4758,74.829,78.521,87.111,80.78
3.1335,90.294,107.89,82.819,75.258
1.3224,78.249,78.091,54.119,54.118
3.0846,115.59,105.5,84.828,80.787
3.8991,99.808,94.471,90.244,83.45
3.1453,85.596,73.692,82.609,69.361
3.2238,46.561,50.944,6.2241,25.968
2.8355,46.311,46.995,55.978,41.88
3.1886,14.513,28.44,15.487,24.925
3.6477,48.16,56.526,53.409,56.885
3.6547,97.523,90.5,93.033,83.455
3.8645,36.205,57.382,10,41.27
3.3052,62.751,79.765,54.694,50.912
2.1811,123.48,108.9,92.67,84.725
3.3187,39.937,55.145,39.394,52.939
3.7988,59.256,56.039,69.776,58.999
2.9833,53.955,50.602,53.306,48.729
2.3905,22.336,35.548,20.5,34.294
2.804,88.497,80.045,75.909,72.068
4.3935,109.7,94.747,95.938,84.413
3.7527,54.083,57.876,60.526,58.809
2.6296,24.496,64.804,32.813,46.899
2.1842,15.612,30.889,24.224,36.541
3.1382,70.68,67.419,62.044,61.918
3.2965,66.395,70.124,69.925,68.31
3.578,96.389,96.671,93.704,91.335
3.2806,108.44,103.7,94.488,93.175
3.4344,82.293,86.067,79.032,81.306
2.6836,64.037,90.394,66.667,69.926
1.7804,120.79,104.88,91.503,87.034
3.5966,92.492,96.748,95.673,94.772
3.8186,95.773,97.173,94.624,94.632
3.5936,103.43,100.61,93.411,91.161
2.0077,109.25,113.11,95.031,88.588
1.9478,97.067,96.749,95.968,92.215
0.83808,90.888,106.79,69.863,75.222
2.2828,63.551,63.004,63.19,58.065
1.693,19.341,26.68,19.853,28.352
2.1238,40.668,41.158,46.763,43.49
3.5979,29.648,42.071,41.221,42.958
4.1811,13.297,22.703,17.606,25.273
3.5136,32.531,38.497,39.095,39.974
2.8557,103.55,81.927,77.778,67.402
2.6522,80.12,84.474,68,71.982
1.8358,87.569,87.4,74.295,74.293
3.8112,1.4345,25.849,4.9057,24.035
3.518,42.178,45.063,35.827,33.607
3.1023,48.01,47.888,28.018,28.017
2.5912,30.055,44.615,35.87,40.778
3.071,76.817,68.521,74.672,63.677
3.6242,97.725,82.655,85.099,74.7
2.9231,84.861,86.575,69.784,73.423
1.8279,96.675,94.857,86.719,84.819
3.138,31.508,52.927,37.5,47.8
3.5536,79.711,70.173,80.972,65.574
3.6632,104.49,91.928,21.012,37.842
3.4488,65.506,60.895,18.699,29.101
3.6352,-30.157,19.244,8.6806,35.998
2.9799,88.834,79.591,80.833,76.397
3.3039,57.524,69.816,53.077,64.142
3.3663,107.38,94.632,93.416,82.983
3.2683,84.655,88.354,81.78,78.418
3.5145,70.212,75.384,80.617,71.526
3.8498,96.991,86.154,90.421,77.772
3.2398,99.581,98.85,72.857,72.759
4.1019,101.19,89.964,89.583,76.608
3.5296,81.855,78.624,85.657,81.663
2.5959,105.53,98.143,94.149,92.092
3.0595,93.356,87.287,96.25,88.517
3.1577,47.139,60.072,48.016,57.446
3.1307,97.39,83.42,75.096,65.812
3.428,75.856,77.942,38.29,54.127
1.5697,105.53,94.279,93.913,77.9
3.6153,-0.036698,32.619,7.6433,36.954
3.7192,64.104,64.68,78.039,73.744
3.3037,90.15,91.191,89.45,88.379
3.0845,102.38,99.124,95.283,93.295
3.7638,96.683,94.541,91.506,90.324
3.6671,86.039,84.918,93.307,89.353
2.8019,97.016,87.686,92.611,88.73
2.9644,77.003,69.655,88.073,76.194
3.466,33.152,46.998,14.231,35.572
3.6747,42.859,55.234,44.891,50.777
3.9936,75.763,73.226,85.83,72.945
2.5196,76.363,74.781,29.53,44.645
3.335,47.459,54.8,51.131,60.138
3.1366,66.471,73.006,73.934,77.465
3.9294,93.644,92.506,95.556,92.453
3.4982,93.329,94.632,86.498,88.908
3.8303,87.774,86.912,82.197,84.216
3.1686,68.854,67.867,78.924,76.848
3.2808,40.047,55.154,54.032,66.033
3.406,50.507,54.471,57.014,59.339
2.8533,63.368,65.025,63.158,63.926
3.364,77.287,68.782,64.835,60.874
3.1188,72.785,65.629,73.485,65.635
3.9013,47.795,56.003,54.51,51.179
1.4527,62.079,64.019,35.031,35.03
3.4582,105.69,94.891,93.952,87.714
3.1181,101.7,94.946,93.396,89.127
2.9112,109.76,102.05,95.146,92.625
3.786,103.92,98.891,96.899,93.09
3.7059,101.34,88.801,95.161,86.031
3.2191,53.141,60.089,65.421,68.421
3.1115,74.011,71.414,79.452,77.225
3.8773,88.091,81.439,93.496,85.862
3.4521,89.394,83.103,95.455,86.212
3.3646,48.692,64.646,53.814,64.045
2.8842,57.018,63.629,45.455,54.628
3.1705,37.806,56.362,35.521,47.813
2.6006,78.73,78.572,21.053,34.658
3.562,102.04,91.423,94.468,87.01
3.5486,78.002,77.579,72.51,75.855
3.2468,64.571,73.882,69.545,75.795
3.227,103.26,94.685,94.419,89.707
3.0962,90.386,87.05,88.152,85.696
3.5599,23.023,48.768,33.603,54.64
3.5603,90.296,77.231,82.609,76.085
2.9007,84.272,79.821,87.793,82.471
3.6257,95.997,84.1,91.093,82.629
2.867,110.2,91.981,91.818,81.498
2.9394,87.605,82.78,77.489,74.369
3.6484,112.46,96.004,96.029,82.217
3.1681,119.68,109.75,94.697,80.201
3.4968,56.222,64.076,65.126,65.246
3.3781,53.676,54.966,72.072,66.698
3.371,36.623,44.445,58.482,58.894
3.5506,70.144,68.989,75.984,72.984
3.4645,89.946,88.729,92.609,89.951
3.8915,90.371,82.235,89.13,81.924
3.0686,57.316,57.198,63.819,62.225
3.4196,19.785,36.892,30.769,44.142
4.0865,43.825,49.989,49.117,53.603
3.3719,58.368,67.382,63.761,68.101
2.7638,73.638,75.915,70.408,72.009
3.0773,57.411,65.9,59.483,63.12
2.6534,93.63,95.104,68.199,72.172
3.3925,80.641,75.853,82.479,72.81
3.7642,57.057,52.896,59.375,57.316
3.9531,12.01,26.984,7.2607,28.833
3.1507,47.785,51.009,52.83,54.53
3.5902,98.416,86.802,90.612,84.221
3.5762,101.09,89.843,95.122,86.337
3.2578,28.969,43.84,36.842,48.929
4.0461,13.296,28.407,18.089,33.186
3.3084,28.12,39.177,40.097,46.402
2.6342,81.644,70.67,80,70.826
3.1917,81.533,71.874,74.51,68.037
2.9721,29.388,47.951,31.933,44.943
2.6126,133.07,107.37,87.004,75.376
3.0818,76.32,76.165,77.889,74.838
3.6205,67.461,59.024,77.733,68.654
4.3448,15.881,30.198,22.772,37.496
3.5515,44.07,47.99,54.472,51.854
3.1257,84.871,77.092,89.474,75.947
3.2568,53.013,64.506,60.28,64.14
3.8115,101.81,79.038,93.358,75.806
3.2239,44.553,57.777,51.489,59.696
2.9138,69.384,60.001,66.514,59.193
3.0846,66.48,65.389,62.449,63.253
3.1175,51.664,52.059,50,52.358
4.1045,20.618,44.19,34.568,46.407
1.5764,133.54,114.44,97.059,84.966
3.6232,32.331,44.51,53.629,57.964
4.1168,26.32,35.874,43.173,48.598
3.309,88.498,74.312,93.78,79.583
3.4151,46.462,51.942,59.211,57.13
4.3804,67.759,61.438,17.288,34.47
3.6348,27.03,45.91,29.885,44.634
2.7902,82.943,77.842,81,75.592
2.6639,103.39,91.211,92.268,83.276
2.8157,83.511,75.231,72.619,69.006
3.9675,54.338,58.77,66.288,63.954
3.1601,64.941,60.914,63.281,61.383
2.4345,42.78,42.663,43.902,45.575
4.3472,22.692,34.598,37.457,47.434
3.4144,9.9417,30.544,13.025,34.045
2.8393,102.04,85.061,90.625,80.181
3.6204,83.396,81.582,82.787,70.613
3.6687,47.871,63.936,10.728,26.643
3.6109,44.058,53.326,60.755,55.363
2.9403,78.603,74.925,73.128,70.917
2.8466,83.244,79.315,75.225,72.121
3.0433,33.183,48.735,36.328,49.348
3.097,90.2,75.279,80.4,70.96
2.4347,75.586,76.092,77.976,75.929
3.7442,98.377,92.657,93.952,84.62
4.2112,46.824,55.017,51.064,58.049
4.1056,100.29,89.712,95.053,76.157
3.0902,104.42,97.927,18.067,29.242
2.783,121.46,102.69,18.957,23.207
3.3491,93.031,82.579,89.328,69.016
3.331,81.606,77.912,68.705,70.16
2.8351,66.388,63.133,64.865,60.422
3.568,40.875,49.931,40.873,49.234
1.5357,65.537,65.395,65.517,63.889
3.6361,98.4,96.973,95.582,85.266
3.1311,35.714,48.304,43.578,53.324
3.692,95.533,77.5,90.592,69.832
3.6527,93.373,87.727,16.912,27.075
3.4073,45.645,60.745,10.757,23.458
4.743,71.158,71.009,61.111,59.368
3.4441,74.798,72.913,69.318,67.149
1.6043,41.01,50.746,36.567,46.741
3.1932,95.808,87.61,90.837,77.288
3.4009,-5.4288,27.049,6.7857,35.573
3.8568,45.358,47.812,60.932,53.714
2.7467,66.58,66.436,27.686,35.444
2.2631,32.055,45.614,19.895,19.353
1.3486,97.947,97.767,43.443,55.7
1.5402,91.365,80.483,93.443,76.033
1.715,101.64,82.803,70.896,62.42
0.82448,59.074,64.684,60,60.14
2.0918,22.087,28.54,27.673,28.971
2.2498,43.368,43.856,12.019,26.261
3.1641,78.858,71.009,68.794,62.3
3.7114,88.366,83.98,82.143,80.304
3.697,83.468,75.878,74.704,70.417
2.3319,12.97,43.826,10.191,37.097
2.0937,125.2,99.796,91.915,81.18
3.2097,69.517,74.129,63.06,65.2
3.4818,128.81,99.393,93.137,81.091
3.2473,40.121,47.864,51.121,51.386
3.662,38.466,46.156,42.912,46.529
3.8416,62.699,61.855,40.755,50.97
3.7487,68.997,72.408,88.235,81.18
3.9856,56.147,63.012,70.632,70.854
2.5995,59.269,64.73,57.368,59.265
2.7044,82.648,82.486,38.636,50.958
3.1134,76.419,73.812,66.409,61.58
3.5884,21.672,46.168,8.5034,37.893
2.8625,83.585,77.201,93.077,80.582
3.1011,20.71,45.865,33.745,52.074
3.4886,50.996,56.196,54.864,59.034
3.6101,62.257,60.709,83.065,72.202
3.9807,52.836,52.708,52.381,54.158
3.2639,32.859,48.853,41.589,51.856
4.3119,94.313,76.047,93.645,77.413
3.2866,75.296,71.06,78.761,74.088
2.7509,110.8,98.555,95.098,84.485
4.0925,114.18,113.98,71.703,76.1
3.3091,88.877,92.597,84.8,78.848
3.3072,87.936,82.967,85.425,78.088
3.2955,84.917,80.519,83.004,78.845
2.6461,69.777,77.733,72.857,80.455
3.2062,92.045,82.602,93.534,85.11
3.8459,56.773,60.337,62.646,65.297
4.8115,42.563,50.756,51.929,59.096
4.0034,48.242,51.348,52.612,56.19
3.5275,82.769,68.545,82.258,69.818
3.1407,47.842,48.895,50,52.782
3.1093,1.9081,28.351,4.7847,32.936
3.3052,64.27,64.301,73.593,66.905
10.47,103.92,102.23,43.099,43.098
2.3336,139.49,119.48,85,71.081
3.2202,87.102,85.983,78.333,71.857
3.2177,101.34,87.586,88.806,81.352
3.5923,85.862,81.495,91.154,85.856
3.1117,99.828,91.992,94.712,90.053
3.4079,91.673,85.891,86.266,83.795
3.7978,94.465,80.538,92.683,81.925
3.724,72.891,69.964,76.378,75.598
3.7073,51.786,57.395,69.841,69.777
3.7271,50.046,52.66,49.606,55.248
3.3349,28.007,40.483,36.967,47.671
4.1762,46.337,50.488,65.744,62.944
3.4351,62.694,66.854,64.502,67.887
3.828,91.847,90.383,21.645,34.14
2.9757,73.76,73.607,15.574,31.562
3.0026,17.868,40.53,19.758,38.478
3.6119,54.153,57.025,70.833,66.925
3.1956,55.898,59.255,69.266,68.416
3.5366,67.83,67.681,73.878,71.653
3.6005,60.478,60.722,65.587,66.614
4.185,49.687,61.081,62.718,70.338
3.5198,92.611,84.104,95.378,88.613
2.5976,84.291,80.717,92.727,88.3
3.1707,63.746,67.409,69.266,72.543
4.0887,64.121,62.603,65.693,66.758
3.7735,82.768,78.172,84.942,80.744
3.654,96.074,89.667,95.102,87.157
3.9159,79.123,74.614,71.38,61.223
3.0876,27.128,40.083,41.176,44.44
2.8645,82.596,61.093,85.915,67.921
3.3018,32.91,39.479,45.701,48.866
3.9624,50.681,50.556,32.721,45.842
4.1372,30.328,41.822,41.877,50.832
2.9227,34.217,44.409,50.51,58.368
3.0587,92.33,75.401,96.682,83.01
4.181,85.322,77.358,83.755,79.786
3.3323,94.889,87.622,92.174,87.664
3.6135,90.659,81.801,91.463,84.532
4.128,65.229,70.191,78.929,75.502
3.2807,88.824,88.544,68.889,73.936
3.0998,111.22,106.9,96.618,88.902
3.9203,100.52,87.047,95.865,75.122
3.3397,67.839,60.767,63.953,60.033
4.5231,24.541,33.268,36.19,42.229
3.5998,32.762,40.045,40.833,47.575
3.3408,62.271,58.314,81.643,70.362
3.4838,69.3,63.893,73.95,69.215
3.7183,61.994,56.665,80,70.671
3.6302,29.138,46.85,42.387,57.586
4.0354,60.352,59.626,76.136,71.523
4.1647,53.329,66.097,57.343,70.047
3.0829,80.901,75.88,88.372,82.479
3.2943,43.594,60.855,48.908,62.096
4.0599,87.502,87.334,49.438,58.403
3.4861,99.388,101.69,86.498,73.102
4.4253,38.208,55.46,15.73,30.001
3.8012,24.666,33.099,28.125,32.493
4.0472,15.812,24.367,15.658,25.036
3.9834,71.607,56.419,76.868,61.614
3.6494,58.121,59.527,66.279,66.919
3.3175,93.537,79.356,95.392,81.249
4.2301,43.909,55.288,44.014,57.716
3.9789,80.593,68.461,86.545,76.404
3.0776,31.009,49.42,43.961,59.982
3.506,74.46,73.364,78.261,77.76
3.7796,93.309,85.609,94.531,86.872
3.8147,99.809,92.48,91.544,80.457
3.7687,104.45,95.903,18.145,41.989
2.9602,49.696,69.416,48.558,47.711
3.4621,40.727,55.386,23.176,32.204
3.584,21.623,30.269,16.206,26.463
3.2607,25.355,34.263,28.767,35.931
3.2756,48.185,48.062,39.091,45.75
3.8391,39.445,48.319,49.621,56.32
4.2957,62.602,61.393,55.921,60.419
3.5936,78.74,71.462,69.835,67.413
3.6654,82.553,73.184,94.737,79.463
3.3992,68.804,67.998,76.087,72.911
3.3121,93.259,82.003,95.045,85.606
4.274,102.29,91.237,95.563,89.121
3.2569,49.941,69.117,61.307,74.219
3.581,103.09,88.524,95.565,79.034
3.6672,70.06,70.292,71.094,56.496
3.6679,81.154,80.154,77.86,69.549
3.9983,64.499,61.82,67.266,64.699
3.3529,84.832,74.297,91.593,79.159
3.3739,52.058,58.062,65.278,68.104
3.7624,70.061,64.134,88.095,73.7
3.7902,43.12,49.211,54.651,54.172
3.8204,54.609,58.938,60.465,64.404
3.0583,44.18,53.697,58.173,61.043
3.3983,59.571,59.435,23.684,43.484
3.6545,56.606,59.464,68.11,65.368
3.5736,67.277,69.459,68.085,71.725
3.689,87.807,81.363,91.7,83.912
3.9969,4.902,37.081,8.2067,39.948
3.4337,38.012,49.502,45.902,49.435
4.1827,64.924,73.894,66.899,66.486
3.1716,50.831,53.742,65.315,63.774
3.1983,82.124,76.302,83.178,79.781
4.0983,91.423,76.369,91.93,78.626
3.7835,50.714,54.234,9.6654,29.322
2.4004,41.694,47.957,36.612,36.399
3.5338,66.05,59.201,70.464,59.352
4.2124,76.454,66.459,82.517,70.801
4.0399,28.829,41.961,39.7,44.837
3.1046,24.118,39.415,34.762,44.207
3.4317,93.52,80.118,93.991,79.358
3.8654,93.112,79.052,94.615,78.9
3.693,89.383,75.745,94.758,75.966
3.2666,78.345,80.839,58.898,66.784
3.0978,68.388,74.765,64.502,64.619
3.406,28.049,41.675,31.707,47.132
3.7863,51.04,50.914,59.053,59.051
3.2204,34.032,39.667,46.789,50.575
3.756,38.34,42.965,52.362,46.587
3.4589,70.745,58.093,9.5436,22.089
4.0277,15.687,36.22,23.443,38.526
3.44,82.974,70.495,89.565,76.725
3.8579,82.425,71.755,83.774,69.453
3.9997,59.27,56.535,17.279,32.015
4.1292,44.138,52.061,52.669,50.318
4.1884,44.294,55.212,6.383,33.454
3.1542,88.874,83.315,91.48,78.83
2.7727,97.11,98.534,92.708,83.118
2.3514,84.048,83.419,76.667,77.178
2.8808,67.47,65.844,77.67,71.666
3.5306,58.019,53.073,72.764,64.786
3.7492,12.803,30.972,21.687,40.01
3.479,47.793,48.202,54.167,54.558
4.0117,36.745,46.994,40.364,46.903
3.6288,73.095,60.138,72.84,58.509
3.9571,34.024,42.969,40.143,46.016
3.2918,80.937,70.105,83.028,68.622
4.1826,46.165,56.849,5.0847,33.505
3.4269,61.955,59.511,74.222,63.653
3.9995,39.459,48.865,39.51,47.259
3.8657,65.491,65.348,44.275,51.227
3.1287,83.085,81.09,74.793,71.243
3.074,114.36,93.235,93.548,82.133
3.4661,31.196,48.887,42.798,57.046
3.3235,90.11,72.665,92,77.85
3.6769,62.642,67.026,67.857,70.493
3.4963,94.817,83.357,93.277,82.677
3.6859,82.659,77.362,81.569,74.419
3.5133,42.516,45.153,6.7308,25.932
3.8291,3.3722,23.707,8.4175,24.259
3.218,54.298,53.675,59.07,55.592
3.6693,86.021,77.381,88.259,76.814
3.7338,94.981,78.285,93.952,76.877
3.9196,35.535,47.471,40.377,49.845
4.0361,82.294,67.381,88.686,71.56
3.2503,54.94,59.472,62.14,59.372
3.1886,73.346,74.234,67.857,66.464
3.0524,28.259,46.86,35.178,49.195
3.5161,78.361,70.983,85.124,76.686
3.2562,78.384,77.992,75.688,76.875
3.6966,108.69,92.719,95.257,86.626
3.2162,87.998,81.239,87.037,80.927
3.6301,52.512,50.945,61.111,53.203
3.8684,54.533,54.403,24.427,41.264
3.6409,68.361,64.209,80.816,70.298
4.0118,64.501,71.861,65.056,74.805
3.4577,66.623,65.719,71.983,68.463
3.2024,57.929,57.795,27.778,42.278
4.0601,40.735,53.395,52.92,54.139
3.4281,50.856,55.922,53.15,58.044
6.8522,39.605,63.669,84.746,67.692
2.4439,53.633,58.807,37.023,49.747
3.2604,80.772,74.222,80.972,73.727
3.57,61.502,71.843,66.403,73.813
3.4707,75.048,71.107,85.774,77.875
3.4565,42.16,48.279,49.13,54.936
3.9668,31.294,37.339,43.956,46.232
3.627,80.364,73.867,95.547,77.148
3.5317,91.294,84.409,92.437,85.039
3.4408,93.356,87.361,93.421,89.321
4.6339,71.037,64.929,90.536,73.041
3.6122,75.717,63.623,57.083,48.531
3.1242,84.167,74.469,27.66,40.472
2.8862,103.28,87.205,95.238,75.745
8.0517,105.27,104.09,31.325,43.011
2.4588,68.812,75.093,37.319,47.796
3.5016,105.34,95.252,94.224,82.913
2.8424,104.34,94.501,94.273,86.689
3.8925,49.932,59.291,53.333,60.69
4.0093,-10.484,18.851,10.357,32.308
3.4273,54.847,56.631,55.042,55.638
3.2668,68.834,72.886,8.0508,39.385
3.3592,92.568,87.682,91.81,85.167
3.6067,77.453,70.989,78.099,71.737
3.6758,11.435,27.085,6.3927,25.049
3.6701,13.898,26.033,9.6,24.038
2.9997,19.188,32.992,14.286,24.723
3.466,67.375,72.962,72.532,60.163
2.7575,93.299,93.124,47.986,47.984
3.393,105.81,94.453,75.313,68.699
3.6055,103.95,93.515,87.319,80.377
2.9107,120.18,97.799,95.021,81.701
3.1918,73.665,72.036,70.833,68.855
3.211,97.132,83.065,97.17,82.936
3.6023,88.781,85.365,83.539,78.572
4.3886,78.056,73.28,90.333,76.069
3.4795,29.866,40.81,7.0539,27.153
2.7136,41.256,40.949,52.632,41.586
3.4525,55.574,50.642,61.638,53.131
3.7053,21.695,34.074,29.804,35.035
3.1912,76.014,78.326,11.392,35.096
2.75,23.482,47.575,30.38,46.521
4.0155,54.412,61.236,57.651,60.818
3.2256,52.517,66.914,46.154,60.424
3.259,112.01,102.28,95.294,89.415
2.5894,103.28,98.695,95.135,90.36
3.9372,55.313,67.767,64.312,71.76
3.9804,59.585,61.947,71.264,61.075
3.3021,66.231,63.938,25,37.687
3.1261,84.669,76.679,89.32,76.994
3.5604,72.926,69.636,82.625,72.386
2.9257,76.804,81.938,72.3,68.128
2.6501,55.466,60.763,67.403,66.417
3.5493,102.95,95.311,90.526,84.383
2.9484,112.99,103.06,89.669,86.822
3.311,75.665,81.008,72.5,76.123
3.2231,70.421,74.366,66.932,68.132
3.6856,92.636,84.153,31.325,44.195
3.8902,65.602,66.181,64.773,60.47
3.3983,79.847,70.401,85.345,74.23
2.3855,60.243,69.833,57.377,58.888
1.6518,92.238,94.816,80.42,82.37
1.8014,104.9,98.267,88.514,86.422
3.3647,95.185,92.188,95.909,88.648
3.361,101.52,88.364,83.108,72.368
4.2477,27.897,42.766,27.742,40.424
3.8197,12.089,32.212,16.296,34.352
2.3053,39.894,55.731,41.718,49.162
2.0537,82.228,63.291,73.62,58.513
0.81729,61.061,72.498,57.669,59.593
