1.0227,142.66,123.91,89.474,84.602
2.2674,107.92,99.774,86.31,76.702
2.9844,112.5,90.909,54.95,53.472
2.7898,93.382,87.873,72.34,60.394
2.9065,171.37,134.2,72.277,69.207
3.112,116.29,100.45,67.647,65.507
3.3776,63.371,63.491,88.362,74.79
3.518,89.766,85.959,90.98,86.083
3.1459,82.676,81.879,67.782,67.384
3.0561,73.18,74.877,16.279,37.637
2.7463,88.747,87.667,63.132,63.16
2.3101,112.42,93.459,75.882,72.061
2.4581,60.943,61.059,70.349,68.603
2.4781,76.327,73.104,96.667,87.695
1.9728,89.696,100.42,94.815,90.315
2.1869,178.68,147.87,57.516,72.192
2.1838,117.53,118.69,92.157,84.135
0.94004,106.67,105.77,44.118,55.903
1.3658,126.29,120.56,48.78,56.943
1.2841,132.9,125.74,95.69,86.302
2.2828,63.551,63.264,63.19,58.092
1.693,19.341,26.835,19.853,28.367
2.1238,40.668,41.355,46.763,43.51
3.5979,29.648,42.271,41.221,42.979
4.1811,13.297,22.846,17.606,25.286
3.5136,32.531,38.686,39.095,39.993
2.8557,103.55,82.242,77.778,67.433
2.6522,80.12,84.796,68,72.016
1.8358,87.569,87.731,74.295,74.327
3.8112,1.4345,26.001,4.9057,24.047
3.518,42.178,45.271,35.827,33.624
3.1023,48.01,48.104,28.018,28.032
2.5912,30.055,44.822,35.87,40.798
3.071,76.817,68.797,74.672,63.707
3.6242,97.725,82.973,85.099,74.735
2.9231,84.861,86.903,69.784,73.456
1.8279,96.675,95.21,86.719,84.858
3.138,31.508,53.158,37.5,47.822
3.5536,79.711,70.454,80.972,65.604
3.6632,104.49,92.272,21.012,37.86
3.4488,65.506,61.149,18.699,29.116
3.6352,-30.157,19.377,8.6806,36.016
2.9799,88.834,79.899,80.833,76.431
3.3039,57.524,70.096,53.077,64.172
3.3663,107.38,94.984,93.416,83.021
3.2683,84.655,88.688,81.78,78.454
3.5145,70.212,75.68,80.617,71.559
3.8498,96.991,86.481,90.421,77.807
3.2398,99.581,99.214,72.857,72.792
4.1019,101.19,90.302,89.583,76.643
3.5296,81.855,78.93,85.657,81.701
2.5959,105.53,98.505,94.149,92.133
3.0595,93.356,87.618,96.25,88.558
3.1577,47.139,60.324,48.016,57.473
3.1307,97.39,83.739,75.096,65.842
3.428,75.856,78.246,38.29,54.152
1.5697,105.53,94.63,93.913,77.935
3.6153,-0.036698,32.791,7.6433,36.972
3.7192,64.104,64.945,78.039,73.778
3.3037,90.15,91.533,89.45,88.419
3.0845,102.38,99.489,95.283,93.337
3.7638,96.683,94.892,91.506,90.365
3.6671,86.039,85.242,93.307,89.393
2.8019,97.016,88.017,92.611,88.771
2.9644,77.003,69.934,88.073,76.229
3.466,33.152,47.212,14.231,35.589
3.6747,42.859,55.471,44.891,50.801
3.9936,75.763,73.516,85.83,72.979
2.5196,76.363,75.076,29.53,44.667
3.335,47.459,55.037,51.131,60.166
3.1366,66.471,73.295,73.934,77.501
3.9294,93.644,92.852,95.556,92.495
3.4982,93.329,94.984,86.498,88.948
3.8303,87.774,87.242,82.197,84.254
3.1686,68.854,68.141,78.924,76.883
3.2808,40.047,55.391,54.032,66.063
3.406,50.507,54.706,57.014,59.367
2.8533,63.368,65.291,63.158,63.956
3.364,77.287,69.058,64.835,60.902
3.1188,72.785,65.897,73.485,65.666
3.9013,47.795,56.243,54.51,51.203
1.4527,62.079,64.282,35.031,35.047
3.4582,105.69,95.243,93.952,87.754
3.1181,101.7,95.299,93.396,89.167
2.9112,109.76,102.43,95.146,92.666
3.786,103.92,99.256,96.899,93.132
3.7059,101.34,89.136,95.161,86.07
3.2191,53.141,60.341,65.421,68.452
3.1115,74.011,71.699,79.452,77.26
3.8773,88.091,81.752,93.496,85.901
3.4521,89.394,83.421,95.455,86.252
3.3646,48.692,64.911,53.814,64.075
2.8842,57.018,63.891,45.455,54.653
3.1705,37.806,56.603,35.521,47.836
2.6006,78.73,78.877,21.053,34.675
3.562,102.04,91.766,94.468,87.049
3.5486,78.002,77.882,72.51,75.89
3.2468,64.571,74.173,69.545,75.829
3.227,103.26,95.037,94.419,89.747
3.0962,90.386,87.38,88.152,85.735
3.5599,23.023,48.987,33.603,54.666
3.5603,90.296,77.532,82.609,76.12
2.9007,84.272,80.13,87.793,82.508
3.6257,95.997,84.421,91.093,82.667
2.867,110.2,92.325,91.818,81.535
2.9394,87.605,83.098,77.489,74.403
3.6484,112.46,96.36,96.029,82.255
3.1681,119.68,110.15,94.697,80.238
3.4968,56.222,64.339,65.126,65.276
3.3781,53.676,55.203,72.072,66.729
3.371,36.623,44.651,58.482,58.922
3.5506,70.144,69.266,75.984,73.018
3.4645,89.946,89.064,92.609,89.991
3.8915,90.371,82.551,89.13,81.961
3.0686,57.316,57.442,63.819,62.254
3.4196,19.785,37.076,30.769,44.163
4.0865,43.825,50.212,49.117,53.629
3.3719,58.368,67.655,63.761,68.132
2.7638,73.638,76.213,70.408,72.042
3.0773,57.411,66.169,59.483,63.149
2.6534,93.63,95.458,68.199,72.205
3.3925,80.641,76.15,82.479,72.843
3.7642,57.057,53.127,59.375,57.343
3.9531,12.01,27.14,7.2607,28.847
3.1507,47.785,51.234,52.83,54.555
3.5902,98.416,87.131,90.612,84.26
3.5762,101.09,90.181,95.122,86.377
3.2578,28.969,44.044,36.842,48.952
4.0461,13.296,28.566,18.089,33.202
3.3084,28.12,39.368,40.097,46.425
2.6342,81.644,70.953,80,70.858
3.1917,81.533,72.16,74.51,68.068
2.9721,29.388,48.167,31.933,44.965
2.6126,133.07,107.76,87.004,75.411
3.0818,76.32,76.463,77.889,74.872
3.6205,67.461,59.273,77.733,68.686
4.3448,15.881,30.363,22.772,37.515
3.5515,44.07,48.207,54.472,51.879
3.1257,84.871,77.393,89.474,75.982
3.2568,53.013,64.771,60.28,64.17
3.8115,101.81,79.344,93.358,75.841
3.2239,44.553,58.022,51.489,59.724
2.9138,69.384,60.252,66.514,59.221
3.0846,66.48,65.656,62.449,63.282
3.1175,51.664,52.287,50,52.382
4.1045,20.618,44.396,34.568,46.43
1.5764,133.54,114.85,97.059,85.004
3.6232,32.331,44.716,53.629,57.991
4.1168,26.32,36.055,43.173,48.621
3.309,88.498,74.605,93.78,79.62
3.4151,46.462,52.171,59.211,57.156
4.3804,67.759,61.693,17.288,34.487
3.6348,27.03,46.12,29.885,44.655
2.7902,82.943,78.145,81,75.627
2.6639,103.39,91.553,92.268,83.314
2.8157,83.511,75.527,72.619,69.038
3.9675,54.338,59.018,66.288,63.984
3.1601,64.941,61.168,63.281,61.412
2.4345,42.78,42.864,43.902,45.597
4.3472,22.692,34.776,37.457,47.457
3.4144,9.9417,30.71,13.025,34.062
2.8393,102.04,85.385,90.625,80.217
3.6204,83.396,81.896,82.787,70.645
3.6687,47.871,64.199,10.728,26.656
3.6109,44.058,53.558,60.755,55.389
2.9403,78.603,75.219,73.128,70.949
2.8466,83.244,79.622,75.225,72.154
3.0433,33.183,48.954,36.328,49.372
3.097,90.2,75.574,80.4,70.992
2.4347,75.586,76.39,77.976,75.964
3.7442,98.377,93.003,93.952,84.659
4.2112,46.824,55.254,51.064,58.076
4.1056,100.29,90.05,95.053,76.192
3.0902,104.42,98.289,18.067,29.256
2.783,121.46,103.07,18.957,23.219
3.3491,93.031,82.896,89.328,69.048
3.331,81.606,78.215,68.705,70.192
2.8351,66.388,63.393,64.865,60.45
3.568,40.875,50.153,40.873,49.257
1.5357,65.537,65.662,65.517,63.918
3.6361,98.4,97.331,95.582,85.305
3.1311,35.714,48.522,43.578,53.349
3.692,95.533,77.802,90.592,69.864
3.6527,93.373,88.059,16.912,27.089
3.4073,45.645,60.998,10.757,23.47
4.743,71.158,71.292,61.111,59.396
3.4441,74.798,73.202,69.318,67.179
1.6043,41.01,50.97,36.567,46.763
3.1932,95.808,87.942,90.837,77.323
3.4009,-5.4288,27.205,6.7857,35.59
3.8568,45.358,48.027,60.932,53.739
2.7467,66.58,66.706,27.686,35.461
2.2631,32.055,45.824,19.895,19.364
1.3486,97.947,98.128,43.443,55.726
1.5402,91.365,80.794,93.443,76.068
