 1719    -0.4663454     0.2775500     0.0667723    -0.8372750    -0.5270492     0.1470547     0.8370149     0.8370149     0.5270492     0.1470547
 1465    -0.6311203     0.4867659     0.6038622    -0.0098316    -0.7717907     0.6025417    -0.2031811     0.7717907     0.6025417     0.2031811
 2214    -0.8407090     0.0064466    -0.5341958    -0.0883266     0.8970677     0.1052069     0.4291866     0.8970677     0.4291866     0.1052069
 1449    -0.1183803    -0.9428769    -0.0865750     0.2991222    -0.5435733    -0.2750291    -0.7930240     0.7930240     0.5435733     0.2750291
 1195     0.3525098     0.1741803    -0.9125073     0.1128209    -0.6040332    -0.3287003    -0.7260166     0.7260166     0.6040332     0.3287003
 1974    -0.1697976    -0.7203306     0.6426756    -0.1981431     0.0672075    -0.4993043    -0.8638162     0.8638162     0.4993043     0.0672075
 1735    -0.1304169     0.5047051    -0.5461318     0.6557471     0.8043675    -0.5846045    -0.1059743     0.8043675     0.5846045     0.1059743
 2469    -0.6723155     0.1403831    -0.7081812    -0.1635964     0.9063101     0.4204753    -0.0424562     0.9063101     0.4204753     0.0424562
 1465     0.9133059    -0.0484902     0.3409533     0.2174208     0.6017039     0.2368335     0.7627990     0.7627990     0.6017039     0.2368335
 2439    -0.6245575    -0.6738996     0.3832593    -0.0943372    -0.3515874    -0.9140894    -0.2020567     0.9140894     0.3515874     0.2020567
 1975     0.7598741    -0.4644669    -0.1763285    -0.4192495     0.1214801     0.8537240     0.5063574     0.8537240     0.5063574     0.1214801
 1480     0.1596756     0.2958406    -0.6932929    -0.6374378    -0.5985639     0.7893852    -0.1363534     0.7893852     0.5985639     0.1363534
 1944     0.2450389    -0.2452627     0.9352476     0.0715125     0.4232654     0.2539615    -0.8696838     0.8696838     0.4232654     0.2539615
 1495     0.2907102     0.7926579     0.5171880    -0.1403479     0.0782079    -0.6060400    -0.7915801     0.7915801     0.6060400     0.0782079
 3172     0.6475189    -0.5843231     0.2867508     0.3963078    -0.0917905     0.9840035     0.1526811     0.9840035     0.1526811     0.0917905
 1434    -0.0002350     0.4815022     0.8159964    -0.3198522    -0.3084026    -0.5217702    -0.7953890     0.7953890     0.5217702     0.3084026
 1194    -0.4237088     0.7387647    -0.5169535    -0.0863518     0.3104882     0.7153219    -0.6260284     0.7153219     0.6260284     0.3104882
 1974    -0.9502015     0.0586476     0.2625488    -0.1573073    -0.5174000     0.0288523     0.8552571     0.8552571     0.5174000     0.0288523
 1929    -0.0432164     0.2046736     0.1604143     0.9646286     0.3810029     0.3271710     0.8647519     0.8647519     0.3810029     0.3271710
  908     0.2393642    -0.1369673    -0.3908878     0.8781523    -0.4276854    -0.6209479     0.6568933     0.6568933     0.6209479     0.4276854
 3171    -0.5623979    -0.4796827     0.5334618    -0.4111346    -0.2056073    -0.9781942    -0.0293540     0.9781942     0.2056073     0.0293540
 3427     0.0582842    -0.7552684     0.0280639    -0.6522154     0.9884668     0.0514329    -0.1424359     0.9884668     0.1424359     0.0514329
 2183    -0.5907027     0.2918551    -0.4902435    -0.5705718     0.2461277     0.9042375     0.3489639     0.9042375     0.3489639     0.2461277
 3427     0.0582842    -0.7552684     0.0280639    -0.6522154     0.9884668     0.0514329    -0.1424359     0.9884668     0.1424359     0.0514329
 2215    -0.7488294    -0.3600588    -0.5516455    -0.0727973     0.8785994    -0.4589285     0.1320898     0.8785994     0.4589285     0.1320898
  924    -0.0863336     0.4643857    -0.6897180     0.5488000     0.6288014    -0.6768504    -0.3827301     0.6768504     0.6288014     0.3827301
 2183    -0.5907027     0.2918551    -0.4902435    -0.5705718     0.2461277     0.9042375     0.3489639     0.9042375     0.3489639     0.2461277
 3427     0.0582842    -0.7552684     0.0280639    -0.6522154     0.9884668     0.0514329    -0.1424359     0.9884668     0.1424359     0.0514329
 2215    -0.7488294    -0.3600588    -0.5516455    -0.0727973     0.8785994    -0.4589285     0.1320898     0.8785994     0.4589285     0.1320898
  924    -0.0863336     0.4643857    -0.6897180     0.5488000     0.6288014    -0.6768504    -0.3827301     0.6768504     0.6288014     0.3827301
 1705     0.9525489    -0.2703424    -0.1352439    -0.0357021    -0.2383493     0.5246857     0.8172481     0.8172481     0.5246857     0.2383493
