  924    -0.2321967    -0.2891609    -0.2926225    -0.8813868     0.6456173     0.3815428     0.6615160     0.6615160     0.6456173     0.3815428
  939     0.5125847     0.7776348     0.2576841     0.2571769     0.6641493    -0.6646666    -0.3422338     0.6646666     0.6641493     0.3422338
 1704     0.7725685     0.3094583     0.5534155    -0.0332389     0.8345306    -0.5149453     0.1959337     0.8345306     0.5149453     0.1959337
 2214    -0.6831046    -0.2853641     0.4539666     0.4958323    -0.9031989     0.0603155     0.4249632     0.9031989     0.4249632     0.0603155
 2692    -0.1817164     0.7101254     0.0580802     0.6777372     0.9414486     0.3368091    -0.0153028     0.9414486     0.3368091     0.0153028
  924    -0.2321967    -0.2891609    -0.2926225    -0.8813868     0.6456173     0.3815428     0.6615160     0.6615160     0.6456173     0.3815428
  939     0.5125847     0.7776348     0.2576841     0.2571769     0.6641493    -0.6646666    -0.3422338     0.6646666     0.6641493     0.3422338
 1704     0.7725685     0.3094583     0.5534155    -0.0332389     0.8345306    -0.5149453     0.1959337     0.8345306     0.5149453     0.1959337
 2214    -0.6831046    -0.2853641     0.4539666     0.4958323    -0.9031989     0.0603155     0.4249632     0.9031989     0.4249632     0.0603155
 2692    -0.1817164     0.7101254     0.0580802     0.6777372     0.9414486     0.3368091    -0.0153028     0.9414486     0.3368091     0.0153028
  924    -0.2321967    -0.2891609    -0.2926225    -0.8813868     0.6456173     0.3815428     0.6615160     0.6615160     0.6456173     0.3815428
  939     0.5125847     0.7776348     0.2576841     0.2571769     0.6641493    -0.6646666    -0.3422338     0.6646666     0.6641493     0.3422338
 1704     0.7725685     0.3094583     0.5534155    -0.0332389     0.8345306    -0.5149453     0.1959337     0.8345306     0.5149453     0.1959337
 2214    -0.6831046    -0.2853641     0.4539666     0.4958323    -0.9031989     0.0603155     0.4249632     0.9031989     0.4249632     0.0603155
 2692    -0.1817164     0.7101254     0.0580802     0.6777372     0.9414486     0.3368091    -0.0153028     0.9414486     0.3368091     0.0153028
  924    -0.2321967    -0.2891609    -0.2926225    -0.8813868     0.6456173     0.3815428     0.6615160     0.6615160     0.6456173     0.3815428
  939     0.5125847     0.7776348     0.2576841     0.2571769     0.6641493    -0.6646666    -0.3422338     0.6646666     0.6641493     0.3422338
 1704     0.7725685     0.3094583     0.5534155    -0.0332389     0.8345306    -0.5149453     0.1959337     0.8345306     0.5149453     0.1959337
 2214    -0.6831046    -0.2853641     0.4539666     0.4958323    -0.9031989     0.0603155     0.4249632     0.9031989     0.4249632     0.0603155
 2692    -0.1817164     0.7101254     0.0580802     0.6777372     0.9414486     0.3368091    -0.0153028     0.9414486     0.3368091     0.0153028
  924    -0.2321967    -0.2891609    -0.2926225    -0.8813868     0.6456173     0.3815428     0.6615160     0.6615160     0.6456173     0.3815428
 2184     0.9572476     0.1633174    -0.1718981     0.1656972    -0.2749757    -0.3696365     0.8875569     0.8875569     0.3696365     0.2749757
 1479    -0.1365916     0.7689154     0.5550658    -0.2863807    -0.5920397    -0.1078654    -0.7986577     0.7986577     0.5920397     0.1078654
 1164    -0.2543359    -0.7625244    -0.3819069     0.4560887    -0.5012923    -0.7362415    -0.4545927     0.7362415     0.5012923     0.4545927
 1419     0.1976868     0.2394284    -0.9107393    -0.2723012    -0.4904755     0.4013271    -0.7735441     0.7735441     0.4904755     0.4013271
 1929     0.7808231     0.3953845    -0.3617895     0.3210836    -0.3110842    -0.8497801     0.4255589     0.8497801     0.4255589     0.3110842
 2184     0.9572476     0.1633174    -0.1718981     0.1656972    -0.2749757    -0.3696365     0.8875569     0.8875569     0.3696365     0.2749757
 1479    -0.1365916     0.7689154     0.5550658    -0.2863807    -0.5920397    -0.1078654    -0.7986577     0.7986577     0.5920397     0.1078654
 1164    -0.2543359    -0.7625244    -0.3819069     0.4560887    -0.5012923    -0.7362415    -0.4545927     0.7362415     0.5012923     0.4545927
 1419     0.1976868     0.2394284    -0.9107393    -0.2723012    -0.4904755     0.4013271    -0.7735441     0.7735441     0.4904755     0.4013271
 1929     0.7808231     0.3953845    -0.3617895     0.3210836    -0.3110842    -0.8497801     0.4255589     0.8497801     0.4255589     0.3110842
 1194     0.3414982     0.6202647    -0.6915335     0.1429411    -0.2949922    -0.6213356    -0.7258937     0.7258937     0.6213356     0.2949922
 2454    -0.6293436    -0.4482301    -0.3208187     0.5478063    -0.0872762    -0.9156746     0.3923301     0.9156746     0.3923301     0.0872762
 2454    -0.6561180     0.6047764    -0.4320815    -0.1306150     0.4090071     0.9064820    -0.1048978     0.9064820     0.4090071     0.1048978
 1255     0.6352988    -0.3285588    -0.6507293    -0.2549432    -0.6592873     0.7492640    -0.0627989     0.7492640     0.6592873     0.0627989
 1960    -0.4951473     0.4457017    -0.7307375     0.1490032     0.8564673     0.2236115    -0.4652544     0.8564673     0.4652544     0.2236115
 1495    -0.5352927    -0.7231799     0.1798204     0.3976648    -0.7676794    -0.6312093    -0.1106489     0.7676794     0.6312093     0.1106489
 1495    -0.5352927    -0.7231799     0.1798204     0.3976648    -0.7676794    -0.6312093    -0.1106489     0.7676794     0.6312093     0.1106489
 1734     0.3706127     0.0286581    -0.7241968    -0.5808304    -0.5700840     0.8200290    -0.0505645     0.8200290     0.5700840     0.0505645
 3666     0.9886358     0.0124993     0.0476551     0.1420282     0.0977777    -0.0111777     0.9951455     0.9951455     0.0977777     0.0111777
 1148     0.8263071     0.4912936    -0.1547692    -0.2278018    -0.4796089    -0.7414054     0.4693542     0.7414054     0.4796089     0.4693542
 1450    -0.3127368     0.7022823     0.6353007     0.0734049    -0.2942620     0.5325274    -0.7936148     0.7936148     0.5325274     0.2942620
 1495    -0.5352927    -0.7231799     0.1798204     0.3976648    -0.7676794    -0.6312093    -0.1106489     0.7676794     0.6312093     0.1106489
 1734     0.3706127     0.0286581    -0.7241968    -0.5808304    -0.5700840     0.8200290    -0.0505645     0.8200290     0.5700840     0.0505645
 3666     0.9886358     0.0124993     0.0476551     0.1420282     0.0977777    -0.0111777     0.9951455     0.9951455     0.0977777     0.0111777
 1148     0.8263071     0.4912936    -0.1547692    -0.2278018    -0.4796089    -0.7414054     0.4693542     0.7414054     0.4796089     0.4693542
 1450    -0.3127368     0.7022823     0.6353007     0.0734049    -0.2942620     0.5325274    -0.7936148     0.7936148     0.5325274     0.2942620
 1495    -0.5352927    -0.7231799     0.1798204     0.3976648    -0.7676794    -0.6312093    -0.1106489     0.7676794     0.6312093     0.1106489
 1495    -0.5352927    -0.7231799     0.1798204     0.3976648    -0.7676794    -0.6312093    -0.1106489     0.7676794     0.6312093     0.1106489
 1734     0.3706127     0.0286581    -0.7241968    -0.5808304    -0.5700840     0.8200290    -0.0505645     0.8200290     0.5700840     0.0505645
 3666     0.9886358     0.0124993     0.0476551     0.1420282     0.0977777    -0.0111777     0.9951455     0.9951455     0.0977777     0.0111777
 1148     0.8263071     0.4912936    -0.1547692    -0.2278018    -0.4796089    -0.7414054     0.4693542     0.7414054     0.4796089     0.4693542
 1450    -0.3127368     0.7022823     0.6353007     0.0734049    -0.2942620     0.5325274    -0.7936148     0.7936148     0.5325274     0.2942620
 1255     0.1199142    -0.3982653     0.8293934     0.3729772    -0.0981756     0.7142049    -0.6930172     0.7142049     0.6930172     0.0981756
 2693     0.0143682     0.0554582     0.9847591     0.1642176     0.0465129     0.3218359    -0.9456523     0.9456523     0.3218359     0.0465129
 1255    -0.8954826    -0.1341613    -0.3441239    -0.2483755     0.6829587    -0.0693343     0.7271590     0.7271590     0.6829587     0.0693343
  638     0.8760304     0.3241675     0.3523229    -0.0579196     0.5797399    -0.6087740     0.5415680     0.6087740     0.5797399     0.5415680
  939    -0.1871595     0.7016237     0.5741333     0.3782413     0.3158571     0.6969529    -0.6438097     0.6969529     0.6438097     0.3158571
 1255     0.1199142    -0.3982653     0.8293934     0.3729772    -0.0981756     0.7142049    -0.6930172     0.7142049     0.6930172     0.0981756
 2693     0.0143682     0.0554582     0.9847591     0.1642176     0.0465129     0.3218359    -0.9456523     0.9456523     0.3218359     0.0465129
 1255    -0.8954826    -0.1341613    -0.3441239    -0.2483755     0.6829587    -0.0693343     0.7271590     0.7271590     0.6829587     0.0693343
  638     0.8760304     0.3241675     0.3523229    -0.0579196     0.5797399    -0.6087740     0.5415680     0.6087740     0.5797399     0.5415680
  939    -0.1871595     0.7016237     0.5741333     0.3782413     0.3158571     0.6969529    -0.6438097     0.6969529     0.6438097     0.3158571
 1255     0.1199142    -0.3982653     0.8293934     0.3729772    -0.0981756     0.7142049    -0.6930172     0.7142049     0.6930172     0.0981756
 2693     0.0143682     0.0554582     0.9847591     0.1642176     0.0465129     0.3218359    -0.9456523     0.9456523     0.3218359     0.0465129
 1255    -0.8954826    -0.1341613    -0.3441239    -0.2483755     0.6829587    -0.0693343     0.7271590     0.7271590     0.6829587     0.0693343
  638     0.8760304     0.3241675     0.3523229    -0.0579196     0.5797399    -0.6087740     0.5415680     0.6087740     0.5797399     0.5415680
  939    -0.1871595     0.7016237     0.5741333     0.3782413     0.3158571     0.6969529    -0.6438097     0.6969529     0.6438097     0.3158571
 1255     0.1199142    -0.3982653     0.8293934     0.3729772    -0.0981756     0.7142049    -0.6930172     0.7142049     0.6930172     0.0981756
 1255     0.1199142    -0.3982653     0.8293934     0.3729772    -0.0981756     0.7142049    -0.6930172     0.7142049     0.6930172     0.0981756
 1255     0.1199142    -0.3982653     0.8293934     0.3729772    -0.0981756     0.7142049    -0.6930172     0.7142049     0.6930172     0.0981756
 2693     0.0143682     0.0554582     0.9847591     0.1642176     0.0465129     0.3218359    -0.9456523     0.9456523     0.3218359     0.0465129
 1255    -0.8954826    -0.1341613    -0.3441239    -0.2483755     0.6829587    -0.0693343     0.7271590     0.7271590     0.6829587     0.0693343
  638     0.8760304     0.3241675     0.3523229    -0.0579196     0.5797399    -0.6087740     0.5415680     0.6087740     0.5797399     0.5415680
  939    -0.1871595     0.7016237     0.5741333     0.3782413     0.3158571     0.6969529    -0.6438097     0.6969529     0.6438097     0.3158571
 1255     0.1199142    -0.3982653     0.8293934     0.3729772    -0.0981756     0.7142049    -0.6930172     0.7142049     0.6930172     0.0981756
 1255     0.1199142    -0.3982653     0.8293934     0.3729772    -0.0981756     0.7142049    -0.6930172     0.7142049     0.6930172     0.0981756
 1255     0.1199142    -0.3982653     0.8293934     0.3729772    -0.0981756     0.7142049    -0.6930172     0.7142049     0.6930172     0.0981756
 2693     0.0143682     0.0554582     0.9847591     0.1642176     0.0465129     0.3218359    -0.9456523     0.9456523     0.3218359     0.0465129
 1255    -0.8954826    -0.1341613    -0.3441239    -0.2483755     0.6829587    -0.0693343     0.7271590     0.7271590     0.6829587     0.0693343
 1255     0.1199142    -0.3982653     0.8293934     0.3729772    -0.0981756     0.7142049    -0.6930172     0.7142049     0.6930172     0.0981756
 2693     0.0143682     0.0554582     0.9847591     0.1642176     0.0465129     0.3218359    -0.9456523     0.9456523     0.3218359     0.0465129
 1255    -0.8954826    -0.1341613    -0.3441239    -0.2483755     0.6829587    -0.0693343     0.7271590     0.7271590     0.6829587     0.0693343
  638     0.8760304     0.3241675     0.3523229    -0.0579196     0.5797399    -0.6087740     0.5415680     0.6087740     0.5797399     0.5415680
  939    -0.1871595     0.7016237     0.5741333     0.3782413     0.3158571     0.6969529    -0.6438097     0.6969529     0.6438097     0.3158571
 1255     0.1199142    -0.3982653     0.8293934     0.3729772    -0.0981756     0.7142049    -0.6930172     0.7142049     0.6930172     0.0981756
 2693     0.0143682     0.0554582     0.9847591     0.1642176     0.0465129     0.3218359    -0.9456523     0.9456523     0.3218359     0.0465129
 1255    -0.8954826    -0.1341613    -0.3441239    -0.2483755     0.6829587    -0.0693343     0.7271590     0.7271590     0.6829587     0.0693343
  638     0.8760304     0.3241675     0.3523229    -0.0579196     0.5797399    -0.6087740     0.5415680     0.6087740     0.5797399     0.5415680
  939    -0.1871595     0.7016237     0.5741333     0.3782413     0.3158571     0.6969529    -0.6438097     0.6969529     0.6438097     0.3158571
 1255     0.1199142    -0.3982653     0.8293934     0.3729772    -0.0981756     0.7142049    -0.6930172     0.7142049     0.6930172     0.0981756
 2693     0.0143682     0.0554582     0.9847591     0.1642176     0.0465129     0.3218359    -0.9456523     0.9456523     0.3218359     0.0465129
 1255    -0.8954826    -0.1341613    -0.3441239    -0.2483755     0.6829587    -0.0693343     0.7271590     0.7271590     0.6829587     0.0693343
  638     0.8760304     0.3241675     0.3523229    -0.0579196     0.5797399    -0.6087740     0.5415680     0.6087740     0.5797399     0.5415680
  939    -0.1871595     0.7016237     0.5741333     0.3782413     0.3158571     0.6969529    -0.6438097     0.6969529     0.6438097     0.3158571
 1255     0.1199142    -0.3982653     0.8293934     0.3729772    -0.0981756     0.7142049    -0.6930172     0.7142049     0.6930172     0.0981756
 2693     0.0143682     0.0554582     0.9847591     0.1642176     0.0465129     0.3218359    -0.9456523     0.9456523     0.3218359     0.0465129
 1255    -0.8954826    -0.1341613    -0.3441239    -0.2483755     0.6829587    -0.0693343     0.7271590     0.7271590     0.6829587     0.0693343
  638     0.8760304     0.3241675     0.3523229    -0.0579196     0.5797399    -0.6087740     0.5415680     0.6087740     0.5797399     0.5415680
  939    -0.1871595     0.7016237     0.5741333     0.3782413     0.3158571     0.6969529    -0.6438097     0.6969529     0.6438097     0.3158571
 1255     0.1199142    -0.3982653     0.8293934     0.3729772    -0.0981756     0.7142049    -0.6930172     0.7142049     0.6930172     0.0981756
 1255     0.1199142    -0.3982653     0.8293934     0.3729772    -0.0981756     0.7142049    -0.6930172     0.7142049     0.6930172     0.0981756
 2693     0.0143682     0.0554582     0.9847591     0.1642176     0.0465129     0.3218359    -0.9456523     0.9456523     0.3218359     0.0465129
 1255    -0.8954826    -0.1341613    -0.3441239    -0.2483755     0.6829587    -0.0693343     0.7271590     0.7271590     0.6829587     0.0693343
  638     0.8760304     0.3241675     0.3523229    -0.0579196     0.5797399    -0.6087740     0.5415680     0.6087740     0.5797399     0.5415680
  939    -0.1871595     0.7016237     0.5741333     0.3782413     0.3158571     0.6969529    -0.6438097     0.6969529     0.6438097     0.3158571
 1255     0.1199142    -0.3982653     0.8293934     0.3729772    -0.0981756     0.7142049    -0.6930172     0.7142049     0.6930172     0.0981756
 2693     0.0143682     0.0554582     0.9847591     0.1642176     0.0465129     0.3218359    -0.9456523     0.9456523     0.3218359     0.0465129
 1255    -0.8954826    -0.1341613    -0.3441239    -0.2483755     0.6829587    -0.0693343     0.7271590     0.7271590     0.6829587     0.0693343
 1255     0.1199142    -0.3982653     0.8293934     0.3729772    -0.0981756     0.7142049    -0.6930172     0.7142049     0.6930172     0.0981756
 1255     0.1199142    -0.3982653     0.8293934     0.3729772    -0.0981756     0.7142049    -0.6930172     0.7142049     0.6930172     0.0981756
 2693     0.0143682     0.0554582     0.9847591     0.1642176     0.0465129     0.3218359    -0.9456523     0.9456523     0.3218359     0.0465129
 1255    -0.8954826    -0.1341613    -0.3441239    -0.2483755     0.6829587    -0.0693343     0.7271590     0.7271590     0.6829587     0.0693343
  638     0.8760304     0.3241675     0.3523229    -0.0579196     0.5797399    -0.6087740     0.5415680     0.6087740     0.5797399     0.5415680
  939    -0.1871595     0.7016237     0.5741333     0.3782413     0.3158571     0.6969529    -0.6438097     0.6969529     0.6438097     0.3158571
 2933     0.8069781     0.0503417     0.1362266     0.5724460     0.2774995     0.0747154     0.9578161     0.9578161     0.2774995     0.0747154
 1928    -0.2931611    -0.6532264    -0.4618951     0.5234546    -0.4130495    -0.8665634    -0.2801036     0.8665634     0.4130495     0.2801036
 2933     0.8069781     0.0503417     0.1362266     0.5724460     0.2774995     0.0747154     0.9578161     0.9578161     0.2774995     0.0747154
 1928    -0.2931611    -0.6532264    -0.4618951     0.5234546    -0.4130495    -0.8665634    -0.2801036     0.8665634     0.4130495     0.2801036
 2439    -0.2618284    -0.5333622    -0.5600046    -0.5773781     0.9091535     0.3673700    -0.1961609     0.9091535     0.3673700     0.1961609
 1689    -0.9554883     0.1516951    -0.2522932    -0.0194636     0.4762213     0.2997068     0.8266735     0.8266735     0.4762213     0.2997068
 2917    -0.5669754    -0.2169383    -0.7331542    -0.3065315     0.9643577     0.2034723    -0.1691547     0.9643577     0.2034723     0.1691547
 2933     0.8069781     0.0503417     0.1362266     0.5724460     0.2774995     0.0747154     0.9578161     0.9578161     0.2774995     0.0747154
 1928    -0.2931611    -0.6532264    -0.4618951     0.5234546    -0.4130495    -0.8665634    -0.2801036     0.8665634     0.4130495     0.2801036
 2439    -0.2618284    -0.5333622    -0.5600046    -0.5773781     0.9091535     0.3673700    -0.1961609     0.9091535     0.3673700     0.1961609
 1689    -0.9554883     0.1516951    -0.2522932    -0.0194636     0.4762213     0.2997068     0.8266735     0.8266735     0.4762213     0.2997068
 2917    -0.5669754    -0.2169383    -0.7331542    -0.3065315     0.9643577     0.2034723    -0.1691547     0.9643577     0.2034723     0.1691547
 3411     0.0039335     0.7560827    -0.6518795    -0.0581088    -0.0929984     0.0698118    -0.9932158     0.9932158     0.0929984     0.0698118
 1435     0.2582307     0.9375028    -0.0791658     0.2194042     0.3704981    -0.5189226    -0.7703574     0.7703574     0.5189226     0.3704981
  893    -0.3136236     0.1520056    -0.3877539     0.8533355     0.5026410    -0.5664232     0.6530825     0.6530825     0.5664232     0.5026410
 2454    -0.4228199     0.6527552     0.3621609     0.5137835     0.3644921     0.9241403    -0.1144997     0.9241403     0.3644921     0.1144997
 3411     0.2738655    -0.6020758    -0.3262159     0.6753411    -0.9918916    -0.1108384     0.0621759     0.9918916     0.1108384     0.0621759
 3666    -0.0358130    -0.9631244     0.2664641    -0.0102765     0.0007093    -0.0744613    -0.9972236     0.9972236     0.0744613     0.0007093
 1511    -0.8410036    -0.1251343    -0.3241761    -0.4146858     0.6490493     0.0583856     0.7585026     0.7585026     0.6490493     0.0583856
 1944    -0.9540783     0.2151593    -0.1468035    -0.1479519     0.2164576     0.4539973     0.8643105     0.8643105     0.4539973     0.2164576
 1959    -0.5445949    -0.2508528     0.4461238    -0.6644267    -0.1525669    -0.8660594     0.4760929     0.8660594     0.4760929     0.1525669
 1735    -0.2549864     0.3994664     0.5502736    -0.6874646    -0.8298625    -0.5528702     0.0752512     0.8298625     0.5528702     0.0752512
 1435     0.2898144     0.3433265     0.3354345     0.8280207     0.7629903     0.3564914     0.5392213     0.7629903     0.5392213     0.3564914
 1148     0.1524555     0.8894035     0.2788604    -0.3285660    -0.4994279    -0.4544370    -0.7376034     0.7376034     0.4994279     0.4544370
 3650    -0.4543552     0.5246692     0.4694199    -0.5458283    -0.9993253    -0.0356731     0.0087344     0.9993253     0.0356731     0.0087344
 1419    -0.7308401     0.0217731    -0.5060136     0.4575466     0.7595545    -0.4312243     0.4869523     0.7595545     0.4869523     0.4312243
 1419    -0.7308401     0.0217731    -0.5060136     0.4575466     0.7595545    -0.4312243     0.4869523     0.7595545     0.4869523     0.4312243
 3905    -0.0115263     0.6360589    -0.7714944     0.0096284     0.0300334    -0.0001936    -0.9995489     0.9995489     0.0300334     0.0001936
 2214    -0.1437553    -0.7157910    -0.6614523     0.1716350    -0.0555350    -0.4328543    -0.8997516     0.8997516     0.4328543     0.0555350
 1705    -0.7861086    -0.5417766    -0.2908917    -0.0623968     0.5249552    -0.8154891     0.2437203     0.8154891     0.5249552     0.2437203
 1239     0.2982881    -0.7111525     0.5658551     0.2917093    -0.0773239     0.7543870    -0.6518598     0.7543870     0.6518598     0.0773239
 1959     0.1177082    -0.7142789    -0.2518880    -0.6422639     0.8582125     0.4917101    -0.1472838     0.8582125     0.4917101     0.1472838
 3172    -0.1190926    -0.7650464     0.0995493     0.6249887    -0.9800019    -0.0577883    -0.1904121     0.9800019     0.1904121     0.0577883
 1434    -0.5560842    -0.1420653     0.5533846     0.6036168    -0.7869629     0.5100639     0.3471659     0.7869629     0.5100639     0.3471659
 2214     0.7259865     0.5570500    -0.3873736     0.1121634    -0.4374948    -0.8957198     0.0792740     0.8957198     0.4374948     0.0792740
 2215    -0.2268574    -0.6847125     0.6859337    -0.0959135    -0.1798720    -0.4422448    -0.8786726     0.8786726     0.4422448     0.1798720
 2932     0.5726120     0.4624517    -0.4126388    -0.5366407    -0.9689046    -0.0867332     0.2317353     0.9689046     0.2317353     0.0867332
 1958    -0.6640556     0.6917646    -0.2713825     0.0827248     0.4748784     0.8738402    -0.1043734     0.8738402     0.4748784     0.1043734
  939    -0.1173816    -0.6073571     0.6753413    -0.4015632     0.3292394    -0.6849695    -0.6499371     0.6849695     0.6499371     0.3292394
 2438    -0.4078401     0.6478408     0.4016075     0.5026730     0.3237209     0.9321854    -0.1619725     0.9321854     0.3237209     0.1619725
 2693    -0.4306282    -0.4773324    -0.3340316    -0.6893011     0.9457384     0.0493910     0.3211533     0.9457384     0.3211533     0.0493910
 1929     0.9278611     0.2346094    -0.1588366    -0.2424938    -0.4085392    -0.3583360     0.8394588     0.8394588     0.4085392     0.3583360
 1434     0.0360728     0.1523243     0.2807698     0.9469236     0.3087353     0.5207456     0.7959312     0.7959312     0.5207456     0.3087353
 2214    -0.1735981     0.5555532     0.4780257    -0.6578113    -0.8968672    -0.4360154    -0.0742959     0.8968672     0.4360154     0.0742959
 1209     0.6043411     0.5917847     0.5235089     0.1024751     0.7540423    -0.6079864    -0.2485413     0.7540423     0.6079864     0.2485413
 1494     0.9152946    -0.1053989    -0.3083718     0.2367144    -0.6144010     0.0469499     0.7875958     0.7875958     0.6144010     0.0469499
 1239    -0.2381177    -0.6656921    -0.3249058     0.6281641    -0.6815961    -0.7252146    -0.0974197     0.7252146     0.6815961     0.0974197
 2693    -0.0957521     0.6609174    -0.7281957     0.1541132     0.3431646    -0.0978807    -0.9341613     0.9341613     0.3431646     0.0978807
 1481    -0.5393942     0.0740182     0.6245207    -0.5599545    -0.7566194    -0.6195563     0.2089904     0.7566194     0.6195563     0.2089904
 1194     0.5008197     0.4281956    -0.0816982    -0.7477657    -0.7222121    -0.3067153     0.6199479     0.7222121     0.6199479     0.3067153
 1239    -0.2381177    -0.6656921    -0.3249058     0.6281641    -0.6815961    -0.7252146    -0.0974197     0.7252146     0.6815961     0.0974197
 1434     0.0360728     0.1523243     0.2807698     0.9469236     0.3087353     0.5207456     0.7959312     0.7959312     0.5207456     0.3087353
 2214    -0.1735981     0.5555532     0.4780257    -0.6578113    -0.8968672    -0.4360154    -0.0742959     0.8968672     0.4360154     0.0742959
 1209     0.6043411     0.5917847     0.5235089     0.1024751     0.7540423    -0.6079864    -0.2485413     0.7540423     0.6079864     0.2485413
 1494     0.9152946    -0.1053989    -0.3083718     0.2367144    -0.6144010     0.0469499     0.7875958     0.7875958     0.6144010     0.0469499
 1434     0.0360728     0.1523243     0.2807698     0.9469236     0.3087353     0.5207456     0.7959312     0.7959312     0.5207456     0.3087353
 2214    -0.1735981     0.5555532     0.4780257    -0.6578113    -0.8968672    -0.4360154    -0.0742959     0.8968672     0.4360154     0.0742959
 1209     0.6043411     0.5917847     0.5235089     0.1024751     0.7540423    -0.6079864    -0.2485413     0.7540423     0.6079864     0.2485413
 1494     0.9152946    -0.1053989    -0.3083718     0.2367144    -0.6144010     0.0469499     0.7875958     0.7875958     0.6144010     0.0469499
 1239    -0.2381177    -0.6656921    -0.3249058     0.6281641    -0.6815961    -0.7252146    -0.0974197     0.7252146     0.6815961     0.0974197
 2693    -0.0957521     0.6609174    -0.7281957     0.1541132     0.3431646    -0.0978807    -0.9341613     0.9341613     0.3431646     0.0978807
 1929    -0.0432164     0.2046736     0.1604143     0.9646286     0.3810029     0.3271710     0.8647519     0.8647519     0.3810029     0.3271710
  908     0.2393642    -0.1369673    -0.3908878     0.8781523    -0.4276854    -0.6209479     0.6568933     0.6568933     0.6209479     0.4276854
 3171    -0.5623979    -0.4796827     0.5334618    -0.4111346    -0.2056073    -0.9781942    -0.0293540     0.9781942     0.2056073     0.0293540
 2453    -0.3090027    -0.4684329     0.5321637     0.6339478    -0.9228040     0.3852339    -0.0052551     0.9228040     0.3852339     0.0052551
 2453    -0.3090027    -0.4684329     0.5321637     0.6339478    -0.9228040     0.3852339    -0.0052551     0.9228040     0.3852339     0.0052551
 2453    -0.3090027    -0.4684329     0.5321637     0.6339478    -0.9228040     0.3852339    -0.0052551     0.9228040     0.3852339     0.0052551
 1719    -0.4663454     0.2775500     0.0667723    -0.8372750    -0.5270492     0.1470547     0.8370149     0.8370149     0.5270492     0.1470547
 1465    -0.6311203     0.4867659     0.6038622    -0.0098316    -0.7717907     0.6025417    -0.2031811     0.7717907     0.6025417     0.2031811
 2214    -0.8407090     0.0064466    -0.5341958    -0.0883266     0.8970677     0.1052069     0.4291866     0.8970677     0.4291866     0.1052069
 1449    -0.1183803    -0.9428769    -0.0865750     0.2991222    -0.5435733    -0.2750291    -0.7930240     0.7930240     0.5435733     0.2750291
 1195     0.3525098     0.1741803    -0.9125073     0.1128209    -0.6040332    -0.3287003    -0.7260166     0.7260166     0.6040332     0.3287003
 1974    -0.1697976    -0.7203306     0.6426756    -0.1981431     0.0672075    -0.4993043    -0.8638162     0.8638162     0.4993043     0.0672075
 1449    -0.1183803    -0.9428769    -0.0865750     0.2991222    -0.5435733    -0.2750291    -0.7930240     0.7930240     0.5435733     0.2750291
 1195     0.3525098     0.1741803    -0.9125073     0.1128209    -0.6040332    -0.3287003    -0.7260166     0.7260166     0.6040332     0.3287003
 1974    -0.1697976    -0.7203306     0.6426756    -0.1981431     0.0672075    -0.4993043    -0.8638162     0.8638162     0.4993043     0.0672075
 1735    -0.1304169     0.5047051    -0.5461318     0.6557471     0.8043675    -0.5846045    -0.1059743     0.8043675     0.5846045     0.1059743
 2469    -0.6723155     0.1403831    -0.7081812    -0.1635964     0.9063101     0.4204753    -0.0424562     0.9063101     0.4204753     0.0424562
 1465     0.9133059    -0.0484902     0.3409533     0.2174208     0.6017039     0.2368335     0.7627990     0.7627990     0.6017039     0.2368335
 2439    -0.6245575    -0.6738996     0.3832593    -0.0943372    -0.3515874    -0.9140894    -0.2020567     0.9140894     0.3515874     0.2020567
 1975     0.7598741    -0.4644669    -0.1763285    -0.4192495     0.1214801     0.8537240     0.5063574     0.8537240     0.5063574     0.1214801
 1480     0.1596756     0.2958406    -0.6932929    -0.6374378    -0.5985639     0.7893852    -0.1363534     0.7893852     0.5985639     0.1363534
 1944     0.2450389    -0.2452627     0.9352476     0.0715125     0.4232654     0.2539615    -0.8696838     0.8696838     0.4232654     0.2539615
 1495     0.2907102     0.7926579     0.5171880    -0.1403479     0.0782079    -0.6060400    -0.7915801     0.7915801     0.6060400     0.0782079
 3172     0.6475189    -0.5843231     0.2867508     0.3963078    -0.0917905     0.9840035     0.1526811     0.9840035     0.1526811     0.0917905
 1434    -0.0002350     0.4815022     0.8159964    -0.3198522    -0.3084026    -0.5217702    -0.7953890     0.7953890     0.5217702     0.3084026
 1194    -0.4237088     0.7387647    -0.5169535    -0.0863518     0.3104882     0.7153219    -0.6260284     0.7153219     0.6260284     0.3104882
 1974    -0.9502015     0.0586476     0.2625488    -0.1573073    -0.5174000     0.0288523     0.8552571     0.8552571     0.5174000     0.0288523
 1929    -0.0432164     0.2046736     0.1604143     0.9646286     0.3810029     0.3271710     0.8647519     0.8647519     0.3810029     0.3271710
  908     0.2393642    -0.1369673    -0.3908878     0.8781523    -0.4276854    -0.6209479     0.6568933     0.6568933     0.6209479     0.4276854
 3171    -0.5623979    -0.4796827     0.5334618    -0.4111346    -0.2056073    -0.9781942    -0.0293540     0.9781942     0.2056073     0.0293540
 2453    -0.3090027    -0.4684329     0.5321637     0.6339478    -0.9228040     0.3852339    -0.0052551     0.9228040     0.3852339     0.0052551
 1403     0.3982148     0.1524924     0.8341561     0.3497922     0.7710279     0.4621133    -0.4381407     0.7710279     0.4621133     0.4381407
 2213     0.4048548    -0.2626163     0.4498018     0.7515342    -0.0305214     0.8887258     0.4574221     0.8887258     0.4574221     0.0305214
 1255    -0.8233204     0.1509128     0.3691354    -0.4038662    -0.7297306    -0.0496634     0.6819287     0.7297306     0.6819287     0.0496634
 1928     0.6252419     0.2708174     0.5337004    -0.5008936     0.3960823    -0.8733070     0.2836437     0.8733070     0.3960823     0.2836437
 1419     0.4291516     0.1006055    -0.8461673    -0.2995135    -0.7865335     0.4205271    -0.4522412     0.7865335     0.4522412     0.4205271
 1658     0.7015902     0.2726855    -0.4639499     0.4670806    -0.3962732    -0.8160310     0.4207862     0.8160310     0.4207862     0.3962732
 1194    -0.6698268     0.1564745    -0.5669901    -0.4531778     0.6177488     0.7235162     0.3080760     0.7235162     0.6177488     0.3080760
 2693    -0.6841754     0.4304812     0.5290439    -0.2582684    -0.9462769     0.3157787     0.0695970     0.9462769     0.3157787     0.0695970
 1465    -0.7255814    -0.2943954     0.1444704     0.6049722    -0.5658521    -0.2524145     0.7849193     0.7849193     0.5658521     0.2524145
 3171    -0.9954815     0.0347077     0.0850893    -0.0239101    -0.1710695     0.0650328     0.9831104     0.9831104     0.1710695     0.0650328
 1705    -0.6785665     0.2954288    -0.5351011    -0.4073527     0.4855159     0.8368858     0.2527774     0.8368858     0.4855159     0.2527774
 1929    -0.0432164     0.2046736     0.1604143     0.9646286     0.3810029     0.3271710     0.8647519     0.8647519     0.3810029     0.3271710
 1719    -0.4663454     0.2775500     0.0667723    -0.8372750    -0.5270492     0.1470547     0.8370149     0.8370149     0.5270492     0.1470547
 1719    -0.4663454     0.2775500     0.0667723    -0.8372750    -0.5270492     0.1470547     0.8370149     0.8370149     0.5270492     0.1470547
 1719    -0.4663454     0.2775500     0.0667723    -0.8372750    -0.5270492     0.1470547     0.8370149     0.8370149     0.5270492     0.1470547
 1719    -0.4663454     0.2775500     0.0667723    -0.8372750    -0.5270492     0.1470547     0.8370149     0.8370149     0.5270492     0.1470547
 1719    -0.4663454     0.2775500     0.0667723    -0.8372750    -0.5270492     0.1470547     0.8370149     0.8370149     0.5270492     0.1470547
 1465    -0.6311203     0.4867659     0.6038622    -0.0098316    -0.7717907     0.6025417    -0.2031811     0.7717907     0.6025417     0.2031811
 2214    -0.8407090     0.0064466    -0.5341958    -0.0883266     0.8970677     0.1052069     0.4291866     0.8970677     0.4291866     0.1052069
 1449    -0.1183803    -0.9428769    -0.0865750     0.2991222    -0.5435733    -0.2750291    -0.7930240     0.7930240     0.5435733     0.2750291
 1195     0.3525098     0.1741803    -0.9125073     0.1128209    -0.6040332    -0.3287003    -0.7260166     0.7260166     0.6040332     0.3287003
 1974    -0.1697976    -0.7203306     0.6426756    -0.1981431     0.0672075    -0.4993043    -0.8638162     0.8638162     0.4993043     0.0672075
 1735    -0.1304169     0.5047051    -0.5461318     0.6557471     0.8043675    -0.5846045    -0.1059743     0.8043675     0.5846045     0.1059743
 2469    -0.6723155     0.1403831    -0.7081812    -0.1635964     0.9063101     0.4204753    -0.0424562     0.9063101     0.4204753     0.0424562
 1465     0.9133059    -0.0484902     0.3409533     0.2174208     0.6017039     0.2368335     0.7627990     0.7627990     0.6017039     0.2368335
 2439    -0.6245575    -0.6738996     0.3832593    -0.0943372    -0.3515874    -0.9140894    -0.2020567     0.9140894     0.3515874     0.2020567
 1975     0.7598741    -0.4644669    -0.1763285    -0.4192495     0.1214801     0.8537240     0.5063574     0.8537240     0.5063574     0.1214801
 1480     0.1596756     0.2958406    -0.6932929    -0.6374378    -0.5985639     0.7893852    -0.1363534     0.7893852     0.5985639     0.1363534
 1944     0.2450389    -0.2452627     0.9352476     0.0715125     0.4232654     0.2539615    -0.8696838     0.8696838     0.4232654     0.2539615
 1495     0.2907102     0.7926579     0.5171880    -0.1403479     0.0782079    -0.6060400    -0.7915801     0.7915801     0.6060400     0.0782079
 3172     0.6475189    -0.5843231     0.2867508     0.3963078    -0.0917905     0.9840035     0.1526811     0.9840035     0.1526811     0.0917905
 1434    -0.0002350     0.4815022     0.8159964    -0.3198522    -0.3084026    -0.5217702    -0.7953890     0.7953890     0.5217702     0.3084026
 1194    -0.4237088     0.7387647    -0.5169535    -0.0863518     0.3104882     0.7153219    -0.6260284     0.7153219     0.6260284     0.3104882
 1974    -0.9502015     0.0586476     0.2625488    -0.1573073    -0.5174000     0.0288523     0.8552571     0.8552571     0.5174000     0.0288523
 1929    -0.0432164     0.2046736     0.1604143     0.9646286     0.3810029     0.3271710     0.8647519     0.8647519     0.3810029     0.3271710
  908     0.2393642    -0.1369673    -0.3908878     0.8781523    -0.4276854    -0.6209479     0.6568933     0.6568933     0.6209479     0.4276854
 3171    -0.5623979    -0.4796827     0.5334618    -0.4111346    -0.2056073    -0.9781942    -0.0293540     0.9781942     0.2056073     0.0293540
 2453    -0.3090027    -0.4684329     0.5321637     0.6339478    -0.9228040     0.3852339    -0.0052551     0.9228040     0.3852339     0.0052551
 1403     0.3982148     0.1524924     0.8341561     0.3497922     0.7710279     0.4621133    -0.4381407     0.7710279     0.4621133     0.4381407
 2213     0.4048548    -0.2626163     0.4498018     0.7515342    -0.0305214     0.8887258     0.4574221     0.8887258     0.4574221     0.0305214
 1255    -0.8233204     0.1509128     0.3691354    -0.4038662    -0.7297306    -0.0496634     0.6819287     0.7297306     0.6819287     0.0496634
 1928     0.6252419     0.2708174     0.5337004    -0.5008936     0.3960823    -0.8733070     0.2836437     0.8733070     0.3960823     0.2836437
 1419     0.4291516     0.1006055    -0.8461673    -0.2995135    -0.7865335     0.4205271    -0.4522412     0.7865335     0.4522412     0.4205271
 1658     0.7015902     0.2726855    -0.4639499     0.4670806    -0.3962732    -0.8160310     0.4207862     0.8160310     0.4207862     0.3962732
 1194    -0.6698268     0.1564745    -0.5669901    -0.4531778     0.6177488     0.7235162     0.3080760     0.7235162     0.6177488     0.3080760
 2693    -0.6841754     0.4304812     0.5290439    -0.2582684    -0.9462769     0.3157787     0.0695970     0.9462769     0.3157787     0.0695970
 1465    -0.7255814    -0.2943954     0.1444704     0.6049722    -0.5658521    -0.2524145     0.7849193     0.7849193     0.5658521     0.2524145
 3171    -0.9954815     0.0347077     0.0850893    -0.0239101    -0.1710695     0.0650328     0.9831104     0.9831104     0.1710695     0.0650328
 1705    -0.6785665     0.2954288    -0.5351011    -0.4073527     0.4855159     0.8368858     0.2527774     0.8368858     0.4855159     0.2527774
 1974     0.4440365    -0.6198607    -0.2686947    -0.5885639     0.4910347     0.8667695     0.0871518     0.8667695     0.4910347     0.0871518
 1974     0.4440365    -0.6198607    -0.2686947    -0.5885639     0.4910347     0.8667695     0.0871518     0.8667695     0.4910347     0.0871518
 1974    -0.2542919     0.5129620    -0.6951379    -0.4347286    -0.0924625     0.8652768    -0.4926933     0.8652768     0.4926933     0.0924625
 1225    -0.2833324     0.7687407    -0.4828887    -0.3091583    -0.2016891     0.7341965    -0.6482877     0.7341965     0.6482877     0.2016891
 1179    -0.5574901     0.7334949    -0.3775284     0.0930718     0.5574721     0.7475578    -0.3610848     0.7475578     0.5574721     0.3610848
 1254     0.3463050    -0.5077795     0.7574561    -0.2202113     0.7482592     0.0180923    -0.6631597     0.7482592     0.6631597     0.0180923
 2678     0.5262780     0.5490421    -0.5777752    -0.2962432    -0.9334407    -0.2355737    -0.2705429     0.9334407     0.2705429     0.2355737
 2200    -0.5002020     0.6865279    -0.3877111     0.3579909     0.8794093     0.4092111    -0.2432810     0.8794093     0.4092111     0.2432810
 2454     0.6141590    -0.3611845    -0.4152251    -0.5656347    -0.1014315     0.9133809     0.3942677     0.9133809     0.3942677     0.1014315
 1270    -0.5995384     0.6918682    -0.1765436     0.3615308     0.7119526     0.7019512    -0.0196985     0.7119526     0.7019512     0.0196985
  954     0.8820217     0.0623375    -0.4131017     0.2179420    -0.7015575    -0.2900304     0.6509220     0.7015575     0.6509220     0.2900304
 1148    -0.4994374    -0.6225896     0.5927372    -0.1077358    -0.4579199    -0.7496071    -0.4779106     0.7496071     0.4779106     0.4579199
 2692    -0.1063475    -0.6636957     0.7312095     0.1163220    -0.3099294     0.0289468    -0.9503188     0.9503188     0.3099294     0.0289468
 2183    -0.2843728     0.5898629    -0.5822820     0.4818107     0.8995748    -0.2256175    -0.3739812     0.8995748     0.3739812     0.2256175
 1255    -0.8976127     0.3569850     0.1212087     0.2283892    -0.0545339     0.6962341     0.7157403     0.7157403     0.6962341     0.0545339
 1929    -0.4340237    -0.7734894     0.2352078    -0.3975108     0.4107693    -0.8584207    -0.3072172     0.8584207     0.4107693     0.3072172
 1945    -0.9433881     0.1019890     0.2609952     0.1774784    -0.4562378     0.2850724     0.8429595     0.8429595     0.4562378     0.2850724
 1224    -0.7767937    -0.2802219     0.2590178     0.5009760    -0.6831757    -0.1758259     0.7087709     0.7087709     0.6831757     0.1758259
 1960     0.3143781     0.4964932    -0.3670627     0.7210588     0.4852087    -0.8415208     0.2375188     0.8415208     0.4852087     0.2375188
 1720     0.2713215    -0.9368393     0.1616846     0.1502494    -0.1937821     0.5569553    -0.8076196     0.8076196     0.5569553     0.1937821
 3172    -0.7725483    -0.0006192    -0.6321716     0.0593955     0.9766926    -0.0760530     0.2007175     0.9766926     0.2007175     0.0760530
 2184     0.3766548    -0.2177904     0.7646746     0.4753643     0.3689771     0.8910617    -0.2643199     0.8910617     0.3689771     0.2643199
 2693    -0.6122996    -0.4246247     0.4076951     0.5277953    -0.9474928    -0.0896360     0.3069572     0.9474928     0.3069572     0.0896360
 2438     0.5504898    -0.5935202    -0.4910047     0.3218836    -0.9226751     0.3373609    -0.1867038     0.9226751     0.3373609     0.1867038
  893    -0.4903880     0.5392910     0.6782564     0.0930224    -0.5648853     0.6551097    -0.5017330     0.6551097     0.5648853     0.5017330
 1913     0.1671826    -0.6292903     0.5371480    -0.5362050     0.8544607    -0.3656301    -0.3690685     0.8544607     0.3690685     0.3656301
 1750    -0.0081409     0.5607247     0.3992201     0.7253585     0.8069528     0.5882849     0.0524224     0.8069528     0.5882849     0.0524224
 3666    -0.2314999    -0.2721794     0.6361881    -0.6838061     0.0776809    -0.9960777     0.0423661     0.9960777     0.0776809     0.0423661
 2215     0.6239018    -0.6543386     0.0818185     0.4193962    -0.4467609     0.8851149     0.1302934     0.8851149     0.4467609     0.1302934
 2184    -0.6217773    -0.5325435     0.2933533     0.4936945    -0.8906284    -0.3725931     0.2606825     0.8906284     0.3725931     0.2606825
 1689    -0.4048435     0.7074722     0.4968763    -0.2978235    -0.8237180     0.2768681    -0.4948058     0.8237180     0.4948058     0.2768681
 1928    -0.1761398    -0.6645038     0.5129102     0.5141328    -0.8639742     0.2933168    -0.4092845     0.8639742     0.4092845     0.2933168
 1465     0.1791637     0.6422241     0.4632423    -0.5838280    -0.5839044    -0.7710342    -0.2540904     0.7710342     0.5839044     0.2540904
 2678    -0.4241311     0.5603106     0.2192530    -0.6768256    -0.9444492     0.1784983     0.2759603     0.9444492     0.2759603     0.1784983
 1734    -0.2320400    -0.5693870    -0.4237876     0.6651014    -0.5607289    -0.8279646    -0.0075951     0.8279646     0.5607289     0.0075951
 2439     0.0682309    -0.8087149     0.5498183     0.1975466    -0.2444885     0.3275881    -0.9126398     0.9126398     0.3275881     0.2444885
 2423     0.7868952     0.5095362    -0.2883591     0.1949817    -0.2551163    -0.9143526     0.3144439     0.9143526     0.3144439     0.2551163
 1735    -0.2658394    -0.2337912    -0.9265977    -0.1268379     0.5519594     0.1107535    -0.8264832     0.8264832     0.5519594     0.1107535
 1164    -0.6760298     0.0575555    -0.4832190     0.5533268     0.7170348    -0.4569375     0.5263736     0.7170348     0.5263736     0.4569375
 2692     0.6727490    -0.1154407     0.1021081    -0.7236409     0.3044616     0.0075460     0.9524947     0.9524947     0.3044616     0.0075460
 1959    -0.6100960    -0.6524336     0.0790981    -0.4425571     0.4809633    -0.8661051     0.1361479     0.8661051     0.4809633     0.1361479
 2214    -0.4606141    -0.2804022     0.6279504     0.5611484    -0.8931801     0.4464323     0.0541058     0.8931801     0.4464323     0.0541058
 1720    -0.0290153     0.2952841     0.0703694     0.9523726     0.5583574     0.1511712     0.8157109     0.8157109     0.5583574     0.1511712
 2214     0.3262866     0.6271276     0.5804520     0.4041330     0.8856734     0.0599128    -0.4604271     0.8856734     0.4604271     0.0599128
 1735    -0.6264883    -0.3730300    -0.2717265     0.6281128    -0.1281429    -0.8087477     0.5740266     0.8087477     0.5740266     0.1281429
 3172    -0.6601146    -0.5805966    -0.2700721     0.3927052    -0.0994496    -0.9786380     0.1799374     0.9786380     0.1799374     0.0994496
 2199     0.9684269    -0.1232414     0.1888110    -0.1063543     0.3919138     0.1985388     0.8983239     0.8983239     0.3919138     0.1985388
 1148     0.8921207     0.3308407    -0.1616248    -0.2618063    -0.4616100    -0.5056708     0.7288437     0.7288437     0.5056708     0.4616100
 1945     0.0213395    -0.4942887    -0.1813546     0.8499022    -0.8479342    -0.2871716     0.4455783     0.8479342     0.4455783     0.2871716
 2214     0.4662874    -0.4098535     0.3499595    -0.7015159     0.9014009    -0.1087851     0.4190969     0.9014009     0.4190969     0.1087851
 1944     0.2213445    -0.6372095    -0.5595256     0.4815617    -0.8614073    -0.2568066    -0.4382098     0.8614073     0.4382098     0.2568066
 3171     0.6183068    -0.5429985     0.4600978     0.3334056     0.2068857     0.9782778    -0.0130747     0.9782778     0.2068857     0.0130747
 2438    -0.1866198    -0.9740821     0.1181870     0.0486721    -0.1389334    -0.3520612    -0.9256081     0.9256081     0.3520612     0.1389334
 1179     0.8677003    -0.2869665    -0.2127813     0.3456451    -0.5676380     0.3509082     0.7447487     0.7447487     0.5676380     0.3509082
 2692    -0.5220273     0.3360868     0.6116542     0.4903187    -0.3090211     0.9507038     0.0258497     0.9507038     0.3090211     0.0258497
 1254     0.0870694    -0.8908279    -0.2551566     0.3657044    -0.6959920    -0.0314961    -0.7173584     0.7173584     0.6959920     0.0314961
 2200    -0.9120874    -0.2337028    -0.0407761    -0.3343904     0.2306786    -0.3990444     0.8874407     0.8874407     0.3990444     0.2306786
  638     0.8872618    -0.3024097    -0.3234590    -0.1291865    -0.4958512     0.6202062     0.6078453     0.6202062     0.6078453     0.4958512
 1239     0.1931069    -0.8596304    -0.3260104     0.3427280    -0.7151486     0.1085353    -0.6904945     0.7151486     0.6904945     0.1085353
  924     0.1029756     0.4036061     0.1771265    -0.8916974    -0.6833097    -0.3990097     0.6114565     0.6833097     0.6114565     0.3990097
 3650     0.5327169     0.4934763    -0.4888908     0.4834041    -0.0437839    -0.9984301     0.0349338     0.9984301     0.0437839     0.0349338
 2933    -0.0268237     0.7310109    -0.1675746    -0.6609253    -0.9572973     0.2607255    -0.1249164     0.9572973     0.2607255     0.1249164
 1495    -0.6727297     0.5811776     0.4578389    -0.0071408    -0.6243037     0.7754121    -0.0947676     0.7754121     0.6243037     0.0947676
 1179    -0.0974171     0.6156794    -0.7030790     0.3422409     0.5584051    -0.3612893    -0.7467622     0.7467622     0.5584051     0.3612893
 2932    -0.1703507    -0.7626587     0.2327145     0.5789441    -0.9623597     0.0096184    -0.2716086     0.9623597     0.2716086     0.0096184
 2933     0.6159856     0.4932222    -0.3448911     0.5082753     0.0764894    -0.9582347     0.2755641     0.9582347     0.2755641     0.0764894
 2454    -0.7233828     0.6626016    -0.0847488     0.1746254     0.3540259     0.9290307     0.1075534     0.9290307     0.3540259     0.1075534
 3410     0.3579416     0.4064839    -0.6222219     0.5652332     0.0140781    -0.9943959    -0.1047785     0.9943959     0.1047785     0.0140781
 3905    -0.3927254     0.5922616    -0.3804011     0.5918513     0.9998479     0.0149106     0.0090425     0.9998479     0.0149106     0.0090425
 2183    -0.5552279    -0.7958184     0.0356897    -0.2390006     0.3407704    -0.9007809    -0.2692014     0.9007809     0.3407704     0.2692014
 1163    -0.9348782     0.2624103     0.2372309     0.0294135    -0.4281272     0.5045989     0.7497246     0.7497246     0.5045989     0.4281272
  923    -0.5359343    -0.7224097    -0.3976821    -0.1809628     0.6877216    -0.6303970    -0.3600537     0.6877216     0.6303970     0.3600537
 1239    -0.5078416    -0.1014410    -0.7367465     0.4347542     0.6600973    -0.7436392    -0.1061713     0.7436392     0.6600973     0.1061713
 2214     0.5068492     0.7783096     0.3387605    -0.1502642     0.1094968    -0.8907784    -0.4410492     0.8907784     0.4410492     0.1094968
 2693     0.7941331    -0.5645875     0.1786727     0.1366368     0.1294930     0.9455418     0.2986340     0.9455418     0.2986340     0.1294930
 1210     0.8585240    -0.3316542    -0.2698845    -0.2830271    -0.2756705     0.7222354     0.6343357     0.7222354     0.6343357     0.2756705
 1945    -0.8507854    -0.5045444    -0.1418110    -0.0385842     0.2802363    -0.8475747     0.4506492     0.8475747     0.4506492     0.2802363
 1450     0.0592588     0.3093190    -0.1437951     0.9381541     0.5633356    -0.3064636     0.7672895     0.7672895     0.5633356     0.3064636
 2692     0.6463515     0.5724011     0.4453015    -0.2372620     0.3040245    -0.9512509    -0.0518729     0.9512509     0.3040245     0.0518729
 1225     0.8513278     0.2406430     0.3389883     0.3200295     0.7312061    -0.1927596     0.6543557     0.7312061     0.6543557     0.1927596
 2932     0.6516239     0.6432729     0.1845752    -0.3570970    -0.2188743    -0.9701665     0.1042639     0.9701665     0.2188743     0.1042639
 2438     0.7208076    -0.5088850     0.3998508     0.2481768     0.3238442     0.9320838     0.1623107     0.9320838     0.3238442     0.1623107
 2200     0.3724833     0.7654020     0.1604462     0.4996729     0.8844284    -0.4098576    -0.2231664     0.8844284     0.4098576     0.2231664
 2214    -0.9449306     0.2371831    -0.0293908    -0.2235765    -0.0505127     0.4613854     0.8857607     0.8857607     0.4613854     0.0505127
 2453    -0.5955035    -0.7056793    -0.1101478     0.3677767    -0.3878780    -0.9214886    -0.0202317     0.9214886     0.3878780     0.0202317
 1480    -0.1624398    -0.3972079    -0.5137754    -0.7428822     0.7570726     0.6343044     0.1565214     0.7570726     0.6343044     0.1565214
 1179    -0.0376627    -0.8409362     0.4004308    -0.3620262     0.5787193    -0.3532767    -0.7350371     0.7350371     0.5787193     0.3532767
 1194    -0.2035744     0.4004141     0.8452387    -0.2894780    -0.5759601    -0.3263280    -0.7495199     0.7495199     0.5759601     0.3263280
 2692     0.4161452    -0.5819292     0.5703910     0.4035291     0.0050802     0.9446727    -0.3279750     0.9446727     0.3279750     0.0050802
 1959    -0.6363501    -0.6546617    -0.4047913     0.0511918     0.4481514    -0.8746320    -0.1848760     0.8746320     0.4481514     0.1848760
 1944    -0.4175417     0.2358661    -0.7602053    -0.4383081     0.4280709     0.8633761    -0.2670899     0.8633761     0.4280709     0.2670899
 1973     0.4674966    -0.2303118     0.6622088    -0.5384077     0.8671641    -0.4977367     0.0168719     0.8671641     0.4977367     0.0168719
 2694     0.7332973    -0.5460161    -0.1859594    -0.3599453     0.1203447     0.9346547     0.3345710     0.9346547     0.3345710     0.1203447
 1254     0.6864494     0.4245696     0.5736522    -0.1394669     0.6691396    -0.7429021    -0.0186724     0.7429021     0.6691396     0.0186724
 1195     0.4202960     0.8925370    -0.0840718    -0.1402172    -0.3209682    -0.7266828    -0.6073808     0.7266828     0.6073808     0.3209682
 3410    -0.5642023     0.5085451     0.4928472     0.4244518    -0.1244252     0.9922244    -0.0030329     0.9922244     0.1244252     0.0030329
 1690    -0.5723504     0.2890885    -0.7623850    -0.0872470     0.8222585     0.4639514    -0.3296060     0.8222585     0.4639514     0.3296060
 2949     0.2547834     0.5513809     0.2323632     0.7596525     0.9561203     0.0720652     0.2839728     0.9561203     0.2839728     0.0720652
  984     0.2365890    -0.3831317     0.8391370     0.3050982     0.1632755     0.6933278    -0.7018815     0.7018815     0.6933278     0.1632755
 1495    -0.4206253     0.0185586    -0.7414874    -0.5224236     0.6043858     0.7903534    -0.1002959     0.7903534     0.6043858     0.1002959
 2438    -0.0899922     0.0187410    -0.9804525    -0.1739627     0.1699456     0.3444974    -0.9232768     0.9232768     0.3444974     0.1699456
 2453     0.7341628    -0.2266177    -0.5088278     0.3882572    -0.9230968    -0.0623637     0.3794774     0.9230968     0.3794774     0.0623637
 1254     0.2555362    -0.6614615    -0.2852370    -0.6448332     0.7072878     0.7059153    -0.0377829     0.7072878     0.7059153     0.0377829
 2693    -0.5067012    -0.3145988    -0.6136918    -0.5173623     0.9474400     0.3161869     0.0488199     0.9474400     0.3161869     0.0488199
 1465     0.2817114    -0.3091080    -0.5467977     0.7253298    -0.7564887    -0.6190588     0.2109291     0.7564887     0.6190588     0.2109291
 2439    -0.4529042     0.6352976    -0.5213174     0.3456919     0.9114481     0.2150276    -0.3507498     0.9114481     0.3507498     0.2150276
 1705    -0.2856560    -0.7001739    -0.6467424    -0.0994052     0.5086936    -0.2714386    -0.8170385     0.8170385     0.5086936     0.2714386
 2214    -0.0797975     0.4784200    -0.8423079    -0.2350831    -0.0905087     0.4723781    -0.8767366     0.8767366     0.4723781     0.0905087
 1450    -0.1823296    -0.4995457    -0.6285290    -0.5675926     0.7962757     0.5313329    -0.2891891     0.7962757     0.5313329     0.2891891
 2694     0.7924602     0.5901868    -0.0032476    -0.1538695    -0.1867706    -0.9343997     0.3033380     0.9343997     0.3033380     0.1867706
 2453     0.6896626    -0.2826562     0.4822922    -0.4602882     0.9254444    -0.0541119     0.3749994     0.9254444     0.3749994     0.0541119
 1689    -0.3756717     0.3535286     0.3635136     0.7757230     0.2753570     0.8295931     0.4857508     0.8295931     0.4857508     0.2753570
 1449    -0.3799813    -0.3430499    -0.3313728    -0.7925421     0.7955939     0.2645487     0.5450177     0.7955939     0.5450177     0.2645487
 1929     0.8183569     0.0792519    -0.2463978     0.5131270    -0.3219500    -0.3825794     0.8660146     0.8660146     0.3825794     0.3219500
 3410    -0.2178251     0.0163540     0.0548695     0.9743070     0.0079638     0.1140442     0.9934438     0.9934438     0.1140442     0.0079638
 1403    -0.0244084    -0.7155457    -0.6192205     0.3224352    -0.4312058    -0.4342477    -0.7908796     0.7908796     0.4342477     0.4312058
 1495    -0.1795040    -0.8425409    -0.3287116    -0.3871070     0.7703171    -0.0479859    -0.6358529     0.7703171     0.6358529     0.0479859
  893    -0.8794504     0.3479479     0.3125195     0.0884919    -0.4881096     0.6673168     0.5625276     0.6673168     0.5625276     0.4881096
 1975     0.0422553     0.3422092     0.6634936     0.6639907     0.5105197     0.8521868    -0.1146618     0.8521868     0.5105197     0.1146618
 1225     0.5376106    -0.1378845     0.7650317     0.3266331     0.7325030     0.6480257    -0.2085713     0.7325030     0.6480257     0.2085713
 1480     0.7178197    -0.1819934    -0.6168452    -0.2666744    -0.7885013     0.5902706     0.1727607     0.7885013     0.5902706     0.1727607
 1945    -0.9433881     0.1019890     0.2609952     0.1774784    -0.4562378     0.2850724     0.8429595     0.8429595     0.4562378     0.2850724
 1224    -0.7767937    -0.2802219     0.2590178     0.5009760    -0.6831757    -0.1758259     0.7087709     0.7087709     0.6831757     0.1758259
 1960     0.3143781     0.4964932    -0.3670627     0.7210588     0.4852087    -0.8415208     0.2375188     0.8415208     0.4852087     0.2375188
 1945    -0.9433881     0.1019890     0.2609952     0.1774784    -0.4562378     0.2850724     0.8429595     0.8429595     0.4562378     0.2850724
 1224    -0.7767937    -0.2802219     0.2590178     0.5009760    -0.6831757    -0.1758259     0.7087709     0.7087709     0.6831757     0.1758259
 1719    -0.4663454     0.2775500     0.0667723    -0.8372750    -0.5270492     0.1470547     0.8370149     0.8370149     0.5270492     0.1470547
 1465    -0.6311203     0.4867659     0.6038622    -0.0098316    -0.7717907     0.6025417    -0.2031811     0.7717907     0.6025417     0.2031811
 2214    -0.8407090     0.0064466    -0.5341958    -0.0883266     0.8970677     0.1052069     0.4291866     0.8970677     0.4291866     0.1052069
 1719    -0.4663454     0.2775500     0.0667723    -0.8372750    -0.5270492     0.1470547     0.8370149     0.8370149     0.5270492     0.1470547
 1719    -0.4663454     0.2775500     0.0667723    -0.8372750    -0.5270492     0.1470547     0.8370149     0.8370149     0.5270492     0.1470547
 1465    -0.6311203     0.4867659     0.6038622    -0.0098316    -0.7717907     0.6025417    -0.2031811     0.7717907     0.6025417     0.2031811
 2214    -0.8407090     0.0064466    -0.5341958    -0.0883266     0.8970677     0.1052069     0.4291866     0.8970677     0.4291866     0.1052069
 1719    -0.4663454     0.2775500     0.0667723    -0.8372750    -0.5270492     0.1470547     0.8370149     0.8370149     0.5270492     0.1470547
 1465    -0.6311203     0.4867659     0.6038622    -0.0098316    -0.7717907     0.6025417    -0.2031811     0.7717907     0.6025417     0.2031811
 2214    -0.8407090     0.0064466    -0.5341958    -0.0883266     0.8970677     0.1052069     0.4291866     0.8970677     0.4291866     0.1052069
 1719    -0.4663454     0.2775500     0.0667723    -0.8372750    -0.5270492     0.1470547     0.8370149     0.8370149     0.5270492     0.1470547
 1465    -0.6311203     0.4867659     0.6038622    -0.0098316    -0.7717907     0.6025417    -0.2031811     0.7717907     0.6025417     0.2031811
 2214    -0.8407090     0.0064466    -0.5341958    -0.0883266     0.8970677     0.1052069     0.4291866     0.8970677     0.4291866     0.1052069
 1449    -0.1183803    -0.9428769    -0.0865750     0.2991222    -0.5435733    -0.2750291    -0.7930240     0.7930240     0.5435733     0.2750291
 1195     0.3525098     0.1741803    -0.9125073     0.1128209    -0.6040332    -0.3287003    -0.7260166     0.7260166     0.6040332     0.3287003
 1974    -0.1697976    -0.7203306     0.6426756    -0.1981431     0.0672075    -0.4993043    -0.8638162     0.8638162     0.4993043     0.0672075
 1735    -0.1304169     0.5047051    -0.5461318     0.6557471     0.8043675    -0.5846045    -0.1059743     0.8043675     0.5846045     0.1059743
 2469    -0.6723155     0.1403831    -0.7081812    -0.1635964     0.9063101     0.4204753    -0.0424562     0.9063101     0.4204753     0.0424562
 1465     0.9133059    -0.0484902     0.3409533     0.2174208     0.6017039     0.2368335     0.7627990     0.7627990     0.6017039     0.2368335
 2439    -0.6245575    -0.6738996     0.3832593    -0.0943372    -0.3515874    -0.9140894    -0.2020567     0.9140894     0.3515874     0.2020567
 1975     0.7598741    -0.4644669    -0.1763285    -0.4192495     0.1214801     0.8537240     0.5063574     0.8537240     0.5063574     0.1214801
 1480     0.1596756     0.2958406    -0.6932929    -0.6374378    -0.5985639     0.7893852    -0.1363534     0.7893852     0.5985639     0.1363534
 1944     0.2450389    -0.2452627     0.9352476     0.0715125     0.4232654     0.2539615    -0.8696838     0.8696838     0.4232654     0.2539615
 1495     0.2907102     0.7926579     0.5171880    -0.1403479     0.0782079    -0.6060400    -0.7915801     0.7915801     0.6060400     0.0782079
 3172     0.6475189    -0.5843231     0.2867508     0.3963078    -0.0917905     0.9840035     0.1526811     0.9840035     0.1526811     0.0917905
 1434    -0.0002350     0.4815022     0.8159964    -0.3198522    -0.3084026    -0.5217702    -0.7953890     0.7953890     0.5217702     0.3084026
 1194    -0.4237088     0.7387647    -0.5169535    -0.0863518     0.3104882     0.7153219    -0.6260284     0.7153219     0.6260284     0.3104882
 1974    -0.9502015     0.0586476     0.2625488    -0.1573073    -0.5174000     0.0288523     0.8552571     0.8552571     0.5174000     0.0288523
 1929    -0.0432164     0.2046736     0.1604143     0.9646286     0.3810029     0.3271710     0.8647519     0.8647519     0.3810029     0.3271710
  908     0.2393642    -0.1369673    -0.3908878     0.8781523    -0.4276854    -0.6209479     0.6568933     0.6568933     0.6209479     0.4276854
 3171    -0.5623979    -0.4796827     0.5334618    -0.4111346    -0.2056073    -0.9781942    -0.0293540     0.9781942     0.2056073     0.0293540
 2453    -0.3090027    -0.4684329     0.5321637     0.6339478    -0.9228040     0.3852339    -0.0052551     0.9228040     0.3852339     0.0052551
 1403     0.3982148     0.1524924     0.8341561     0.3497922     0.7710279     0.4621133    -0.4381407     0.7710279     0.4621133     0.4381407
 2213     0.4048548    -0.2626163     0.4498018     0.7515342    -0.0305214     0.8887258     0.4574221     0.8887258     0.4574221     0.0305214
 1255    -0.8233204     0.1509128     0.3691354    -0.4038662    -0.7297306    -0.0496634     0.6819287     0.7297306     0.6819287     0.0496634
 1928     0.6252419     0.2708174     0.5337004    -0.5008936     0.3960823    -0.8733070     0.2836437     0.8733070     0.3960823     0.2836437
 1419     0.4291516     0.1006055    -0.8461673    -0.2995135    -0.7865335     0.4205271    -0.4522412     0.7865335     0.4522412     0.4205271
 1658     0.7015902     0.2726855    -0.4639499     0.4670806    -0.3962732    -0.8160310     0.4207862     0.8160310     0.4207862     0.3962732
 1194    -0.6698268     0.1564745    -0.5669901    -0.4531778     0.6177488     0.7235162     0.3080760     0.7235162     0.6177488     0.3080760
 2693    -0.6841754     0.4304812     0.5290439    -0.2582684    -0.9462769     0.3157787     0.0695970     0.9462769     0.3157787     0.0695970
 1465    -0.7255814    -0.2943954     0.1444704     0.6049722    -0.5658521    -0.2524145     0.7849193     0.7849193     0.5658521     0.2524145
 3171    -0.9954815     0.0347077     0.0850893    -0.0239101    -0.1710695     0.0650328     0.9831104     0.9831104     0.1710695     0.0650328
 1705    -0.6785665     0.2954288    -0.5351011    -0.4073527     0.4855159     0.8368858     0.2527774     0.8368858     0.4855159     0.2527774
 1974     0.4440365    -0.6198607    -0.2686947    -0.5885639     0.4910347     0.8667695     0.0871518     0.8667695     0.4910347     0.0871518
 1974    -0.2542919     0.5129620    -0.6951379    -0.4347286    -0.0924625     0.8652768    -0.4926933     0.8652768     0.4926933     0.0924625
 1225    -0.2833324     0.7687407    -0.4828887    -0.3091583    -0.2016891     0.7341965    -0.6482877     0.7341965     0.6482877     0.2016891
 1179    -0.5574901     0.7334949    -0.3775284     0.0930718     0.5574721     0.7475578    -0.3610848     0.7475578     0.5574721     0.3610848
 1254     0.3463050    -0.5077795     0.7574561    -0.2202113     0.7482592     0.0180923    -0.6631597     0.7482592     0.6631597     0.0180923
 2678     0.5262780     0.5490421    -0.5777752    -0.2962432    -0.9334407    -0.2355737    -0.2705429     0.9334407     0.2705429     0.2355737
 2200    -0.5002020     0.6865279    -0.3877111     0.3579909     0.8794093     0.4092111    -0.2432810     0.8794093     0.4092111     0.2432810
 2454     0.6141590    -0.3611845    -0.4152251    -0.5656347    -0.1014315     0.9133809     0.3942677     0.9133809     0.3942677     0.1014315
 1270    -0.5995384     0.6918682    -0.1765436     0.3615308     0.7119526     0.7019512    -0.0196985     0.7119526     0.7019512     0.0196985
  954     0.8820217     0.0623375    -0.4131017     0.2179420    -0.7015575    -0.2900304     0.6509220     0.7015575     0.6509220     0.2900304
 1148    -0.4994374    -0.6225896     0.5927372    -0.1077358    -0.4579199    -0.7496071    -0.4779106     0.7496071     0.4779106     0.4579199
 2692    -0.1063475    -0.6636957     0.7312095     0.1163220    -0.3099294     0.0289468    -0.9503188     0.9503188     0.3099294     0.0289468
 2183    -0.2843728     0.5898629    -0.5822820     0.4818107     0.8995748    -0.2256175    -0.3739812     0.8995748     0.3739812     0.2256175
 1255    -0.8976127     0.3569850     0.1212087     0.2283892    -0.0545339     0.6962341     0.7157403     0.7157403     0.6962341     0.0545339
 1929    -0.4340237    -0.7734894     0.2352078    -0.3975108     0.4107693    -0.8584207    -0.3072172     0.8584207     0.4107693     0.3072172
 1945    -0.9433881     0.1019890     0.2609952     0.1774784    -0.4562378     0.2850724     0.8429595     0.8429595     0.4562378     0.2850724
 1719    -0.4663454     0.2775500     0.0667723    -0.8372750    -0.5270492     0.1470547     0.8370149     0.8370149     0.5270492     0.1470547
 1465    -0.6311203     0.4867659     0.6038622    -0.0098316    -0.7717907     0.6025417    -0.2031811     0.7717907     0.6025417     0.2031811
 2214    -0.8407090     0.0064466    -0.5341958    -0.0883266     0.8970677     0.1052069     0.4291866     0.8970677     0.4291866     0.1052069
 1449    -0.1183803    -0.9428769    -0.0865750     0.2991222    -0.5435733    -0.2750291    -0.7930240     0.7930240     0.5435733     0.2750291
 1195     0.3525098     0.1741803    -0.9125073     0.1128209    -0.6040332    -0.3287003    -0.7260166     0.7260166     0.6040332     0.3287003
 1974    -0.1697976    -0.7203306     0.6426756    -0.1981431     0.0672075    -0.4993043    -0.8638162     0.8638162     0.4993043     0.0672075
 1719    -0.4663454     0.2775500     0.0667723    -0.8372750    -0.5270492     0.1470547     0.8370149     0.8370149     0.5270492     0.1470547
 1465    -0.6311203     0.4867659     0.6038622    -0.0098316    -0.7717907     0.6025417    -0.2031811     0.7717907     0.6025417     0.2031811
 2214    -0.8407090     0.0064466    -0.5341958    -0.0883266     0.8970677     0.1052069     0.4291866     0.8970677     0.4291866     0.1052069
 1719    -0.4663454     0.2775500     0.0667723    -0.8372750    -0.5270492     0.1470547     0.8370149     0.8370149     0.5270492     0.1470547
 1465    -0.6311203     0.4867659     0.6038622    -0.0098316    -0.7717907     0.6025417    -0.2031811     0.7717907     0.6025417     0.2031811
 2214    -0.8407090     0.0064466    -0.5341958    -0.0883266     0.8970677     0.1052069     0.4291866     0.8970677     0.4291866     0.1052069
 1719    -0.4663454     0.2775500     0.0667723    -0.8372750    -0.5270492     0.1470547     0.8370149     0.8370149     0.5270492     0.1470547
 1465    -0.6311203     0.4867659     0.6038622    -0.0098316    -0.7717907     0.6025417    -0.2031811     0.7717907     0.6025417     0.2031811
 2214    -0.8407090     0.0064466    -0.5341958    -0.0883266     0.8970677     0.1052069     0.4291866     0.8970677     0.4291866     0.1052069
 1719    -0.4663454     0.2775500     0.0667723    -0.8372750    -0.5270492     0.1470547     0.8370149     0.8370149     0.5270492     0.1470547
 1465    -0.6311203     0.4867659     0.6038622    -0.0098316    -0.7717907     0.6025417    -0.2031811     0.7717907     0.6025417     0.2031811
 2214    -0.8407090     0.0064466    -0.5341958    -0.0883266     0.8970677     0.1052069     0.4291866     0.8970677     0.4291866     0.1052069
 1719    -0.4663454     0.2775500     0.0667723    -0.8372750    -0.5270492     0.1470547     0.8370149     0.8370149     0.5270492     0.1470547
 1465    -0.6311203     0.4867659     0.6038622    -0.0098316    -0.7717907     0.6025417    -0.2031811     0.7717907     0.6025417     0.2031811
 2214    -0.8407090     0.0064466    -0.5341958    -0.0883266     0.8970677     0.1052069     0.4291866     0.8970677     0.4291866     0.1052069
 1719    -0.4663454     0.2775500     0.0667723    -0.8372750    -0.5270492     0.1470547     0.8370149     0.8370149     0.5270492     0.1470547
 1465    -0.6311203     0.4867659     0.6038622    -0.0098316    -0.7717907     0.6025417    -0.2031811     0.7717907     0.6025417     0.2031811
 2214    -0.8407090     0.0064466    -0.5341958    -0.0883266     0.8970677     0.1052069     0.4291866     0.8970677     0.4291866     0.1052069
 1449    -0.1183803    -0.9428769    -0.0865750     0.2991222    -0.5435733    -0.2750291    -0.7930240     0.7930240     0.5435733     0.2750291
 1195     0.3525098     0.1741803    -0.9125073     0.1128209    -0.6040332    -0.3287003    -0.7260166     0.7260166     0.6040332     0.3287003
 1974    -0.1697976    -0.7203306     0.6426756    -0.1981431     0.0672075    -0.4993043    -0.8638162     0.8638162     0.4993043     0.0672075
 1735    -0.1304169     0.5047051    -0.5461318     0.6557471     0.8043675    -0.5846045    -0.1059743     0.8043675     0.5846045     0.1059743
 2469    -0.6723155     0.1403831    -0.7081812    -0.1635964     0.9063101     0.4204753    -0.0424562     0.9063101     0.4204753     0.0424562
 1465     0.9133059    -0.0484902     0.3409533     0.2174208     0.6017039     0.2368335     0.7627990     0.7627990     0.6017039     0.2368335
 2439    -0.6245575    -0.6738996     0.3832593    -0.0943372    -0.3515874    -0.9140894    -0.2020567     0.9140894     0.3515874     0.2020567
 1975     0.7598741    -0.4644669    -0.1763285    -0.4192495     0.1214801     0.8537240     0.5063574     0.8537240     0.5063574     0.1214801
 1480     0.1596756     0.2958406    -0.6932929    -0.6374378    -0.5985639     0.7893852    -0.1363534     0.7893852     0.5985639     0.1363534
 1449    -0.1183803    -0.9428769    -0.0865750     0.2991222    -0.5435733    -0.2750291    -0.7930240     0.7930240     0.5435733     0.2750291
 1195     0.3525098     0.1741803    -0.9125073     0.1128209    -0.6040332    -0.3287003    -0.7260166     0.7260166     0.6040332     0.3287003
 1974    -0.1697976    -0.7203306     0.6426756    -0.1981431     0.0672075    -0.4993043    -0.8638162     0.8638162     0.4993043     0.0672075
 1719    -0.4663454     0.2775500     0.0667723    -0.8372750    -0.5270492     0.1470547     0.8370149     0.8370149     0.5270492     0.1470547
 1465    -0.6311203     0.4867659     0.6038622    -0.0098316    -0.7717907     0.6025417    -0.2031811     0.7717907     0.6025417     0.2031811
 2214    -0.8407090     0.0064466    -0.5341958    -0.0883266     0.8970677     0.1052069     0.4291866     0.8970677     0.4291866     0.1052069
 1719    -0.4663454     0.2775500     0.0667723    -0.8372750    -0.5270492     0.1470547     0.8370149     0.8370149     0.5270492     0.1470547
 1465    -0.6311203     0.4867659     0.6038622    -0.0098316    -0.7717907     0.6025417    -0.2031811     0.7717907     0.6025417     0.2031811
 2214    -0.8407090     0.0064466    -0.5341958    -0.0883266     0.8970677     0.1052069     0.4291866     0.8970677     0.4291866     0.1052069
 1449    -0.1183803    -0.9428769    -0.0865750     0.2991222    -0.5435733    -0.2750291    -0.7930240     0.7930240     0.5435733     0.2750291
 1195     0.3525098     0.1741803    -0.9125073     0.1128209    -0.6040332    -0.3287003    -0.7260166     0.7260166     0.6040332     0.3287003
 1974    -0.1697976    -0.7203306     0.6426756    -0.1981431     0.0672075    -0.4993043    -0.8638162     0.8638162     0.4993043     0.0672075
 1449    -0.1183803    -0.9428769    -0.0865750     0.2991222    -0.5435733    -0.2750291    -0.7930240     0.7930240     0.5435733     0.2750291
 1195     0.3525098     0.1741803    -0.9125073     0.1128209    -0.6040332    -0.3287003    -0.7260166     0.7260166     0.6040332     0.3287003
 1974    -0.1697976    -0.7203306     0.6426756    -0.1981431     0.0672075    -0.4993043    -0.8638162     0.8638162     0.4993043     0.0672075
 1735    -0.1304169     0.5047051    -0.5461318     0.6557471     0.8043675    -0.5846045    -0.1059743     0.8043675     0.5846045     0.1059743
 2469    -0.6723155     0.1403831    -0.7081812    -0.1635964     0.9063101     0.4204753    -0.0424562     0.9063101     0.4204753     0.0424562
 1465     0.9133059    -0.0484902     0.3409533     0.2174208     0.6017039     0.2368335     0.7627990     0.7627990     0.6017039     0.2368335
 2439    -0.6245575    -0.6738996     0.3832593    -0.0943372    -0.3515874    -0.9140894    -0.2020567     0.9140894     0.3515874     0.2020567
 1975     0.7598741    -0.4644669    -0.1763285    -0.4192495     0.1214801     0.8537240     0.5063574     0.8537240     0.5063574     0.1214801
 1480     0.1596756     0.2958406    -0.6932929    -0.6374378    -0.5985639     0.7893852    -0.1363534     0.7893852     0.5985639     0.1363534
 1944     0.2450389    -0.2452627     0.9352476     0.0715125     0.4232654     0.2539615    -0.8696838     0.8696838     0.4232654     0.2539615
 1495     0.2907102     0.7926579     0.5171880    -0.1403479     0.0782079    -0.6060400    -0.7915801     0.7915801     0.6060400     0.0782079
 3172     0.6475189    -0.5843231     0.2867508     0.3963078    -0.0917905     0.9840035     0.1526811     0.9840035     0.1526811     0.0917905
 1434    -0.0002350     0.4815022     0.8159964    -0.3198522    -0.3084026    -0.5217702    -0.7953890     0.7953890     0.5217702     0.3084026
 1449    -0.1183803    -0.9428769    -0.0865750     0.2991222    -0.5435733    -0.2750291    -0.7930240     0.7930240     0.5435733     0.2750291
 1195     0.3525098     0.1741803    -0.9125073     0.1128209    -0.6040332    -0.3287003    -0.7260166     0.7260166     0.6040332     0.3287003
 1974    -0.1697976    -0.7203306     0.6426756    -0.1981431     0.0672075    -0.4993043    -0.8638162     0.8638162     0.4993043     0.0672075
 1735    -0.1304169     0.5047051    -0.5461318     0.6557471     0.8043675    -0.5846045    -0.1059743     0.8043675     0.5846045     0.1059743
 1719    -0.4663454     0.2775500     0.0667723    -0.8372750    -0.5270492     0.1470547     0.8370149     0.8370149     0.5270492     0.1470547
 1465    -0.6311203     0.4867659     0.6038622    -0.0098316    -0.7717907     0.6025417    -0.2031811     0.7717907     0.6025417     0.2031811
 2214    -0.8407090     0.0064466    -0.5341958    -0.0883266     0.8970677     0.1052069     0.4291866     0.8970677     0.4291866     0.1052069
 1719    -0.4663454     0.2775500     0.0667723    -0.8372750    -0.5270492     0.1470547     0.8370149     0.8370149     0.5270492     0.1470547
 1465    -0.6311203     0.4867659     0.6038622    -0.0098316    -0.7717907     0.6025417    -0.2031811     0.7717907     0.6025417     0.2031811
 2214    -0.8407090     0.0064466    -0.5341958    -0.0883266     0.8970677     0.1052069     0.4291866     0.8970677     0.4291866     0.1052069
 1449    -0.1183803    -0.9428769    -0.0865750     0.2991222    -0.5435733    -0.2750291    -0.7930240     0.7930240     0.5435733     0.2750291
 1195     0.3525098     0.1741803    -0.9125073     0.1128209    -0.6040332    -0.3287003    -0.7260166     0.7260166     0.6040332     0.3287003
 1974    -0.1697976    -0.7203306     0.6426756    -0.1981431     0.0672075    -0.4993043    -0.8638162     0.8638162     0.4993043     0.0672075
 1735    -0.1304169     0.5047051    -0.5461318     0.6557471     0.8043675    -0.5846045    -0.1059743     0.8043675     0.5846045     0.1059743
 2469    -0.6723155     0.1403831    -0.7081812    -0.1635964     0.9063101     0.4204753    -0.0424562     0.9063101     0.4204753     0.0424562
 1465     0.9133059    -0.0484902     0.3409533     0.2174208     0.6017039     0.2368335     0.7627990     0.7627990     0.6017039     0.2368335
 2439    -0.6245575    -0.6738996     0.3832593    -0.0943372    -0.3515874    -0.9140894    -0.2020567     0.9140894     0.3515874     0.2020567
 1975     0.7598741    -0.4644669    -0.1763285    -0.4192495     0.1214801     0.8537240     0.5063574     0.8537240     0.5063574     0.1214801
 1480     0.1596756     0.2958406    -0.6932929    -0.6374378    -0.5985639     0.7893852    -0.1363534     0.7893852     0.5985639     0.1363534
 1944     0.2450389    -0.2452627     0.9352476     0.0715125     0.4232654     0.2539615    -0.8696838     0.8696838     0.4232654     0.2539615
 1495     0.2907102     0.7926579     0.5171880    -0.1403479     0.0782079    -0.6060400    -0.7915801     0.7915801     0.6060400     0.0782079
 3172     0.6475189    -0.5843231     0.2867508     0.3963078    -0.0917905     0.9840035     0.1526811     0.9840035     0.1526811     0.0917905
 1434    -0.0002350     0.4815022     0.8159964    -0.3198522    -0.3084026    -0.5217702    -0.7953890     0.7953890     0.5217702     0.3084026
 1194    -0.4237088     0.7387647    -0.5169535    -0.0863518     0.3104882     0.7153219    -0.6260284     0.7153219     0.6260284     0.3104882
 1974    -0.9502015     0.0586476     0.2625488    -0.1573073    -0.5174000     0.0288523     0.8552571     0.8552571     0.5174000     0.0288523
 1929    -0.0432164     0.2046736     0.1604143     0.9646286     0.3810029     0.3271710     0.8647519     0.8647519     0.3810029     0.3271710
  908     0.2393642    -0.1369673    -0.3908878     0.8781523    -0.4276854    -0.6209479     0.6568933     0.6568933     0.6209479     0.4276854
 3171    -0.5623979    -0.4796827     0.5334618    -0.4111346    -0.2056073    -0.9781942    -0.0293540     0.9781942     0.2056073     0.0293540
 2453    -0.3090027    -0.4684329     0.5321637     0.6339478    -0.9228040     0.3852339    -0.0052551     0.9228040     0.3852339     0.0052551
 1403     0.3982148     0.1524924     0.8341561     0.3497922     0.7710279     0.4621133    -0.4381407     0.7710279     0.4621133     0.4381407
 2213     0.4048548    -0.2626163     0.4498018     0.7515342    -0.0305214     0.8887258     0.4574221     0.8887258     0.4574221     0.0305214
 1255    -0.8233204     0.1509128     0.3691354    -0.4038662    -0.7297306    -0.0496634     0.6819287     0.7297306     0.6819287     0.0496634
 1928     0.6252419     0.2708174     0.5337004    -0.5008936     0.3960823    -0.8733070     0.2836437     0.8733070     0.3960823     0.2836437
 1419     0.4291516     0.1006055    -0.8461673    -0.2995135    -0.7865335     0.4205271    -0.4522412     0.7865335     0.4522412     0.4205271
 1658     0.7015902     0.2726855    -0.4639499     0.4670806    -0.3962732    -0.8160310     0.4207862     0.8160310     0.4207862     0.3962732
 1194    -0.6698268     0.1564745    -0.5669901    -0.4531778     0.6177488     0.7235162     0.3080760     0.7235162     0.6177488     0.3080760
 2693    -0.6841754     0.4304812     0.5290439    -0.2582684    -0.9462769     0.3157787     0.0695970     0.9462769     0.3157787     0.0695970
 1465    -0.7255814    -0.2943954     0.1444704     0.6049722    -0.5658521    -0.2524145     0.7849193     0.7849193     0.5658521     0.2524145
 3171    -0.9954815     0.0347077     0.0850893    -0.0239101    -0.1710695     0.0650328     0.9831104     0.9831104     0.1710695     0.0650328
 1705    -0.6785665     0.2954288    -0.5351011    -0.4073527     0.4855159     0.8368858     0.2527774     0.8368858     0.4855159     0.2527774
 1974     0.4440365    -0.6198607    -0.2686947    -0.5885639     0.4910347     0.8667695     0.0871518     0.8667695     0.4910347     0.0871518
 1974    -0.2542919     0.5129620    -0.6951379    -0.4347286    -0.0924625     0.8652768    -0.4926933     0.8652768     0.4926933     0.0924625
 1225    -0.2833324     0.7687407    -0.4828887    -0.3091583    -0.2016891     0.7341965    -0.6482877     0.7341965     0.6482877     0.2016891
 1179    -0.5574901     0.7334949    -0.3775284     0.0930718     0.5574721     0.7475578    -0.3610848     0.7475578     0.5574721     0.3610848
 1254     0.3463050    -0.5077795     0.7574561    -0.2202113     0.7482592     0.0180923    -0.6631597     0.7482592     0.6631597     0.0180923
 2678     0.5262780     0.5490421    -0.5777752    -0.2962432    -0.9334407    -0.2355737    -0.2705429     0.9334407     0.2705429     0.2355737
 2200    -0.5002020     0.6865279    -0.3877111     0.3579909     0.8794093     0.4092111    -0.2432810     0.8794093     0.4092111     0.2432810
 2454     0.6141590    -0.3611845    -0.4152251    -0.5656347    -0.1014315     0.9133809     0.3942677     0.9133809     0.3942677     0.1014315
 1270    -0.5995384     0.6918682    -0.1765436     0.3615308     0.7119526     0.7019512    -0.0196985     0.7119526     0.7019512     0.0196985
  954     0.8820217     0.0623375    -0.4131017     0.2179420    -0.7015575    -0.2900304     0.6509220     0.7015575     0.6509220     0.2900304
 1148    -0.4994374    -0.6225896     0.5927372    -0.1077358    -0.4579199    -0.7496071    -0.4779106     0.7496071     0.4779106     0.4579199
 2692    -0.1063475    -0.6636957     0.7312095     0.1163220    -0.3099294     0.0289468    -0.9503188     0.9503188     0.3099294     0.0289468
 2183    -0.2843728     0.5898629    -0.5822820     0.4818107     0.8995748    -0.2256175    -0.3739812     0.8995748     0.3739812     0.2256175
 1255    -0.8976127     0.3569850     0.1212087     0.2283892    -0.0545339     0.6962341     0.7157403     0.7157403     0.6962341     0.0545339
 1929    -0.4340237    -0.7734894     0.2352078    -0.3975108     0.4107693    -0.8584207    -0.3072172     0.8584207     0.4107693     0.3072172
 1945    -0.9433881     0.1019890     0.2609952     0.1774784    -0.4562378     0.2850724     0.8429595     0.8429595     0.4562378     0.2850724
 1224    -0.7767937    -0.2802219     0.2590178     0.5009760    -0.6831757    -0.1758259     0.7087709     0.7087709     0.6831757     0.1758259
